0 18
0 64
0 137
0 60
0 26
0 4
0 33
0 109
0 137
0 185
0 96
0 135
0 171
0 123
0 72
0 26
0 13
0 42
0 140
0 178
0 129
0 190
0 83
0 49
0 24
0 182
0 168
0 74
0 18
0 69
0 178
0 162
0 179
0 16
0 131
0 120
0 192
0 141
0 108
0 195
0 195
0 32
0 199
0 30
0 48
0 120
0 181
0 33
0 47
0 51
0 57
0 35
0 85
0 103
0 76
0 52
0 89
0 59
0 99
0 61
0 69
0 43
0 172
0 12
0 63
0 44
0 139
0 61
0 70
0 121
0 13
0 89
0 147
0 136
0 116
0 174
0 128
0 139
0 21
0 160
0 54
0 183
0 94
0 85
0 191
0 70
0 191
0 130
0 30
0 143
0 151
0 169
0 6
0 15
0 169
0 115
0 66
0 154
0 158
0 86
0 94
0 197
0 152
0 165
0 86
0 142
0 128
0 116
0 190
0 122
0 111
0 50
0 94
0 128
0 42
0 183
0 180
0 72
0 74
0 83
0 173
0 3
0 139
0 186
0 22
0 137
0 69
0 7
0 10
0 31
0 78
0 66
0 175
0 45
0 171
0 24
0 125
0 145
0 41
0 123
0 122
0 119
0 144
0 91
0 1
0 196
0 101
0 133
0 27
0 106
0 32
0 52
0 176
0 122
0 25
0 58
0 186
0 106
0 72
0 43
1 2
1 97
1 127
1 12
1 33
1 55
1 4
1 39
1 29
1 130
1 43
1 172
1 60
1 80
1 50
1 70
1 26
1 65
1 153
1 188
1 90
1 85
1 106
1 81
1 80
1 158
1 2
1 101
1 194
1 186
1 166
1 63
1 105
2 86
2 168
2 10
2 168
2 58
2 184
2 128
2 91
2 59
2 16
2 187
2 166
2 102
2 109
2 63
2 123
2 182
2 79
2 7
2 114
2 1
2 4
2 127
2 13
2 61
2 27
2 72
2 186
2 76
2 67
2 117
2 55
2 72
3 45
3 192
3 80
3 105
3 185
3 197
3 63
3 8
3 87
3 134
3 72
3 116
3 119
3 187
3 101
3 16
3 132
3 58
3 77
3 127
3 70
3 114
3 148
3 32
3 78
3 6
3 31
3 9
3 38
3 28
3 141
3 176
4 173
4 150
4 105
4 31
4 21
4 140
4 156
4 44
4 158
4 163
4 40
4 10
4 193
4 8
4 152
4 159
4 68
4 89
4 75
4 117
4 52
4 106
4 137
4 14
4 150
4 114
4 28
4 180
4 59
4 58
4 117
4 1
4 120
4 157
4 101
4 142
4 181
4 183
5 24
5 188
5 175
5 111
5 166
5 103
5 118
5 179
5 47
5 66
5 129
5 144
5 103
5 102
5 187
5 9
5 170
5 7
5 53
5 143
5 186
5 17
5 92
5 101
5 140
5 76
5 88
5 54
5 3
5 42
5 44
5 3
5 158
5 44
5 115
5 67
5 8
6 32
6 177
6 124
6 28
6 145
6 51
6 111
6 69
6 52
6 18
6 191
6 167
6 125
6 153
6 117
6 35
6 138
6 44
6 158
6 87
6 19
6 194
6 193
6 171
6 106
6 2
6 92
6 70
6 118
6 12
6 90
6 193
6 100
6 114
6 73
6 143
6 39
6 167
6 192
6 42
6 39
6 151
6 147
6 164
6 88
6 133
7 105
7 36
7 139
7 194
7 39
7 50
7 107
7 48
7 197
7 45
7 163
7 155
7 0
7 27
7 105
7 140
7 39
7 101
7 196
7 171
7 58
7 169
7 182
7 12
7 152
7 13
7 13
7 137
7 16
7 30
7 162
7 138
7 149
7 25
7 11
7 179
7 59
7 117
7 27
7 84
7 25
7 147
7 45
7 165
8 86
8 148
8 12
8 105
8 188
8 180
8 63
8 112
8 13
8 195
8 80
8 174
8 104
8 70
8 49
8 54
8 180
8 104
8 165
8 52
8 108
8 28
8 109
8 60
8 27
8 10
8 40
8 6
8 3
8 43
8 196
8 183
8 144
8 14
8 0
8 171
8 145
8 23
9 41
9 16
9 147
9 76
9 54
9 128
9 187
9 130
9 95
9 3
9 194
9 190
9 69
9 10
9 138
9 165
9 170
9 139
9 158
9 149
9 44
9 157
9 31
9 179
9 199
9 68
9 105
9 100
9 192
9 180
9 39
9 199
9 91
9 97
9 188
9 19
9 53
9 188
10 193
10 20
10 169
10 138
10 139
10 131
10 124
10 192
10 100
10 98
10 85
10 196
10 171
10 104
10 140
10 151
10 97
10 31
10 159
10 98
10 162
10 130
10 190
10 174
10 146
10 128
10 174
10 8
10 37
10 47
10 91
10 40
10 199
10 74
10 56
10 105
10 127
10 86
10 109
10 45
10 46
10 86
10 170
10 70
11 113
11 115
11 164
11 52
11 77
11 57
11 171
11 71
11 27
11 63
11 84
11 41
11 60
11 7
11 29
11 172
11 41
11 87
11 159
11 135
11 73
11 9
11 80
11 176
11 197
11 74
11 70
11 107
11 189
11 38
11 6
11 118
11 109
11 137
11 113
11 39
11 162
11 182
11 116
11 113
11 98
11 197
12 124
12 38
12 198
12 187
12 110
12 83
12 92
12 117
12 178
12 167
12 67
12 166
12 46
12 43
12 124
12 81
12 41
12 36
12 156
12 36
12 112
12 11
12 170
12 195
12 10
12 30
12 195
12 19
12 19
12 59
12 165
12 92
12 165
12 127
12 129
12 157
12 2
12 43
12 143
13 136
13 96
13 73
13 27
13 196
13 17
13 184
13 131
13 150
13 3
13 112
13 131
13 134
13 96
13 99
13 181
13 132
13 147
13 8
13 106
13 37
13 89
13 146
13 146
13 135
13 165
13 184
13 49
13 34
13 119
13 2
13 29
14 88
14 162
14 152
14 106
14 103
14 126
14 100
14 196
14 150
14 2
14 63
14 7
14 67
14 103
14 160
14 175
14 76
14 21
14 45
14 77
14 110
14 114
14 118
14 30
14 108
14 70
14 64
14 128
14 124
14 2
14 13
14 134
14 139
14 30
14 82
14 91
14 103
14 150
14 17
14 35
14 182
15 181
15 128
15 94
15 2
15 136
15 74
15 139
15 198
15 98
15 172
15 142
15 158
15 123
15 36
15 188
15 197
15 133
15 120
15 8
15 10
15 136
15 61
15 178
15 172
15 58
15 106
15 192
15 109
15 158
15 54
15 184
15 90
15 41
15 107
15 54
15 50
15 107
15 28
15 40
15 195
15 21
15 158
15 74
16 21
16 122
16 55
16 38
16 129
16 149
16 94
16 60
16 97
16 107
16 189
16 95
16 54
16 72
16 192
16 140
16 84
16 93
16 137
16 62
16 175
16 28
16 137
16 64
16 138
16 32
16 138
16 101
16 121
16 6
16 197
16 163
16 44
16 99
16 163
16 126
16 118
16 72
16 120
16 175
16 114
16 22
16 158
17 130
17 97
17 194
17 140
17 191
17 64
17 7
17 163
17 81
17 161
17 171
17 109
17 39
17 132
17 76
17 132
17 125
17 69
17 98
17 37
17 47
17 116
17 89
17 172
17 68
17 59
17 80
17 166
17 7
17 63
17 178
17 143
18 183
18 160
18 116
18 145
18 185
18 12
18 143
18 20
18 4
18 21
18 173
18 144
18 96
18 19
18 47
18 73
18 64
18 103
18 70
18 172
18 191
18 156
18 78
18 161
18 134
18 167
18 87
18 136
18 64
18 19
18 184
18 92
18 17
18 6
19 29
19 6
19 45
19 138
19 67
19 51
19 165
19 40
19 151
19 113
19 72
19 126
19 146
19 144
19 49
19 38
19 175
19 69
19 18
19 52
19 158
19 165
19 80
19 78
19 109
19 13
19 56
19 179
19 127
19 127
19 99
19 111
19 0
19 182
19 138
19 55
19 53
19 167
19 119
20 139
20 24
20 12
20 93
20 196
20 156
20 70
20 58
20 74
20 149
20 58
20 88
20 48
20 143
20 115
20 41
20 187
20 77
20 58
20 77
20 166
20 2
20 197
20 101
20 116
20 196
20 107
20 75
20 198
20 115
20 17
20 162
20 37
20 151
20 179
21 187
21 117
21 96
21 199
21 46
21 73
21 62
21 65
21 128
21 183
21 18
21 31
21 64
21 47
21 102
21 56
21 58
21 175
21 171
21 183
21 48
21 140
21 165
21 144
21 169
21 81
21 91
21 3
21 87
21 78
21 23
21 170
21 156
21 93
21 107
21 32
21 110
21 96
21 19
22 195
22 112
22 178
22 55
22 61
22 92
22 7
22 190
22 15
22 52
22 175
22 93
22 49
22 120
22 130
22 160
22 199
22 137
22 15
22 173
22 142
22 198
22 94
22 2
22 81
22 94
22 72
22 4
22 0
22 120
22 180
22 115
22 169
22 192
22 170
22 165
22 172
22 2
22 112
22 5
22 110
22 182
22 162
22 89
23 48
23 95
23 71
23 115
23 179
23 60
23 65
23 93
23 187
23 168
23 127
23 107
23 118
23 148
23 18
23 71
23 89
23 190
23 171
23 32
23 7
23 74
23 108
23 109
23 94
23 94
23 43
23 82
23 84
23 28
23 51
23 164
23 172
23 53
23 41
23 73
23 100
23 180
23 69
23 157
23 190
24 155
24 197
24 57
24 20
24 142
24 40
24 102
24 124
24 2
24 6
24 94
24 162
24 53
24 184
24 155
24 106
24 23
24 113
24 95
24 92
24 73
24 37
24 79
24 59
24 121
24 119
24 65
24 50
24 162
24 95
24 123
24 118
24 158
24 119
24 158
24 131
24 42
24 165
24 104
24 93
24 178
24 44
24 168
24 107
24 90
24 120
24 187
24 79
24 184
25 110
25 168
25 198
25 193
25 187
25 70
25 144
25 73
25 139
25 33
25 195
25 197
25 157
25 139
25 119
25 31
25 177
25 44
25 125
25 72
25 164
25 34
25 130
25 106
25 48
25 15
25 167
25 143
25 113
25 64
25 168
25 155
25 190
25 41
25 125
25 4
25 93
25 16
25 63
25 179
25 100
25 8
25 41
25 154
25 177
25 125
25 40
25 143
25 37
25 65
26 172
26 83
26 2
26 136
26 13
26 15
26 94
26 7
26 145
26 13
26 22
26 151
26 177
26 23
26 84
26 49
26 48
26 173
26 66
26 105
26 102
26 18
26 137
26 143
26 189
26 196
26 2
26 188
26 91
26 121
26 125
26 165
26 171
26 85
26 110
26 64
27 86
27 58
27 10
27 161
27 37
27 170
27 140
27 19
27 90
27 185
27 159
27 47
27 39
27 20
27 104
27 118
27 49
27 36
27 161
27 63
27 195
27 42
27 181
27 150
27 58
27 21
27 174
27 191
27 142
27 193
27 154
27 45
27 49
27 139
27 20
27 22
27 43
27 114
27 44
27 22
27 125
28 6
28 138
28 195
28 156
28 3
28 71
28 60
28 168
28 179
28 140
28 182
28 112
28 35
28 93
28 58
28 27
28 174
28 148
28 51
28 32
28 148
28 164
28 165
28 188
28 47
28 181
28 74
28 7
28 97
28 65
28 153
28 132
28 56
28 66
28 113
28 183
28 116
28 136
28 3
28 198
29 161
29 157
29 81
29 155
29 170
29 104
29 41
29 175
29 152
29 34
29 72
29 165
29 2
29 97
29 19
29 35
29 154
29 176
29 165
29 82
29 46
29 92
29 73
29 99
29 173
29 166
29 103
29 78
29 115
29 188
29 164
29 41
29 108
29 36
29 43
29 54
29 83
29 104
29 115
29 150
29 108
29 141
29 109
29 6
29 8
29 173
29 15
29 94
29 56
29 100
30 181
30 174
30 4
30 199
30 155
30 76
30 140
30 107
30 141
30 88
30 146
30 125
30 131
30 129
30 55
30 8
30 4
30 117
30 19
30 119
30 193
30 172
30 36
30 151
30 67
30 154
30 96
30 120
30 181
30 93
30 160
30 109
30 25
30 116
30 33
30 150
31 17
31 161
31 14
31 175
31 55
31 16
31 4
31 149
31 199
31 143
31 77
31 21
31 129
31 176
31 21
31 117
31 166
31 133
31 0
31 151
31 72
31 33
31 94
31 32
31 74
31 152
31 48
31 1
31 101
31 21
31 67
31 33
32 164
32 43
32 172
32 43
32 77
32 63
32 73
32 22
32 153
32 17
32 82
32 41
32 106
32 73
32 165
32 88
32 129
32 61
32 94
32 100
32 14
32 93
32 149
32 3
32 81
32 80
32 13
32 184
32 28
32 162
32 83
32 84
32 57
32 80
32 134
32 16
32 108
32 55
32 168
32 186
32 160
33 153
33 109
33 155
33 146
33 71
33 194
33 13
33 90
33 88
33 79
33 58
33 165
33 124
33 163
33 0
33 139
33 52
33 109
33 16
33 73
33 9
33 163
33 81
33 45
33 85
33 27
33 74
33 162
33 194
33 7
33 70
33 121
33 134
33 4
33 137
33 38
33 118
33 4
33 77
34 136
34 71
34 78
34 54
34 51
34 40
34 95
34 198
34 109
34 145
34 55
34 189
34 24
34 116
34 0
34 184
34 156
34 177
34 102
34 175
34 53
34 60
34 125
34 36
34 64
34 74
34 147
34 55
34 55
34 161
34 176
34 137
34 43
34 62
35 110
35 9
35 162
35 101
35 104
35 152
35 1
35 113
35 186
35 163
35 128
35 61
35 56
35 25
35 126
35 68
35 96
35 198
35 141
35 62
35 53
35 191
35 0
35 27
35 28
35 132
35 109
35 106
35 157
35 36
35 134
35 23
35 83
35 107
36 126
36 187
36 144
36 31
36 50
36 25
36 53
36 49
36 65
36 33
36 171
36 50
36 94
36 12
36 46
36 139
36 124
36 133
36 132
36 33
36 16
36 46
36 73
36 54
36 157
36 30
36 93
36 171
36 194
36 197
36 30
36 21
36 121
36 124
36 12
36 90
36 33
36 144
36 78
36 149
36 180
36 66
36 21
36 110
36 130
36 198
36 154
36 163
36 81
36 86
37 186
37 159
37 24
37 86
37 124
37 129
37 53
37 50
37 116
37 107
37 26
37 128
37 1
37 181
37 149
37 62
37 41
37 4
37 48
37 56
37 53
37 131
37 163
37 132
37 26
37 100
37 26
37 192
37 102
37 96
37 160
37 13
37 43
37 16
37 164
37 161
37 162
37 100
37 54
37 27
37 72
38 42
38 69
38 130
38 2
38 96
38 144
38 96
38 45
38 43
38 136
38 54
38 94
38 74
38 177
38 75
38 104
38 52
38 132
38 33
38 17
38 175
38 129
38 130
38 104
38 105
38 47
38 151
38 85
38 199
38 176
38 135
38 108
38 125
38 55
38 2
38 181
38 131
38 150
38 141
38 117
39 103
39 154
39 170
39 146
39 42
39 3
39 87
39 73
39 175
39 80
39 44
39 159
39 86
39 165
39 34
39 58
39 60
39 138
39 64
39 199
39 71
39 102
39 21
39 120
39 3
39 72
39 121
39 130
39 64
39 74
39 182
39 102
39 55
39 104
39 140
40 60
40 118
40 172
40 140
40 118
40 85
40 197
40 3
40 72
40 106
40 86
40 22
40 101
40 119
40 184
40 91
40 118
40 120
40 147
40 128
40 166
40 65
40 79
40 52
40 38
40 49
40 150
40 107
40 91
40 110
40 184
40 60
40 98
40 12
40 32
40 136
40 105
40 80
40 109
40 101
40 33
40 193
40 114
40 53
40 3
41 145
41 36
41 49
41 54
41 64
41 86
41 39
41 71
41 67
41 22
41 176
41 133
41 32
41 145
41 117
41 170
41 71
41 3
41 154
41 119
41 0
41 174
41 146
41 138
41 28
41 159
41 86
41 90
41 180
41 51
41 76
41 155
41 147
41 28
41 136
41 5
41 147
41 91
41 63
41 153
41 151
41 120
41 186
41 150
41 169
41 19
41 88
41 1
42 34
42 115
42 198
42 156
42 109
42 145
42 193
42 40
42 88
42 104
42 3
42 168
42 30
42 74
42 63
42 17
42 183
42 49
42 92
42 50
42 88
42 102
42 186
42 79
42 92
42 34
42 39
42 117
42 164
42 136
42 12
42 179
42 143
43 159
43 34
43 150
43 116
43 195
43 30
43 62
43 105
43 178
43 39
43 111
43 184
43 8
43 107
43 65
43 64
43 14
43 155
43 8
43 143
43 101
43 90
43 25
43 114
43 152
43 27
43 17
43 46
43 162
43 124
43 9
43 117
43 159
43 151
43 22
43 34
43 177
43 185
43 60
43 53
43 12
43 19
43 175
43 162
43 47
43 182
43 188
43 114
44 192
44 73
44 139
44 18
44 56
44 19
44 91
44 166
44 135
44 97
44 114
44 191
44 8
44 83
44 127
44 35
44 75
44 120
44 10
44 52
44 113
44 47
44 139
44 131
44 192
44 157
44 170
44 15
44 120
44 140
44 138
44 172
44 186
44 163
44 100
44 32
44 93
44 92
44 156
44 33
44 101
44 27
44 112
44 198
44 30
44 199
44 176
44 164
44 8
44 81
45 43
45 122
45 198
45 6
45 135
45 104
45 77
45 51
45 52
45 23
45 117
45 166
45 28
45 53
45 156
45 21
45 151
45 127
45 139
45 71
45 196
45 110
45 64
45 46
45 178
45 15
45 66
45 111
45 126
45 42
45 75
45 174
45 193
45 57
45 50
45 152
45 101
45 61
45 127
45 166
45 46
46 154
46 85
46 82
46 53
46 95
46 79
46 9
46 136
46 197
46 178
46 41
46 19
46 29
46 104
46 9
46 115
46 143
46 116
46 53
46 9
46 169
46 30
46 61
46 108
46 56
46 0
46 148
46 56
46 91
46 143
46 137
46 124
46 99
46 110
46 31
46 104
46 160
46 19
46 153
46 91
46 85
46 155
46 187
47 78
47 123
47 0
47 145
47 120
47 13
47 145
47 158
47 192
47 6
47 194
47 92
47 129
47 59
47 2
47 172
47 1
47 26
47 129
47 14
47 130
47 139
47 50
47 165
47 180
47 48
47 29
47 178
47 186
47 13
47 188
47 57
47 21
47 191
47 148
47 141
47 75
48 151
48 195
48 42
48 129
48 26
48 23
48 171
48 137
48 34
48 70
48 51
48 12
48 54
48 187
48 63
48 64
48 2
48 160
48 28
48 157
48 16
48 113
48 2
48 194
48 23
48 68
48 112
48 166
48 32
48 0
48 184
48 174
48 5
48 6
48 32
48 57
48 198
48 110
49 143
49 61
49 114
49 76
49 120
49 4
49 157
49 142
49 6
49 8
49 25
49 44
49 171
49 116
49 169
49 52
49 118
49 124
49 66
49 7
49 14
49 34
49 89
49 123
49 156
49 138
49 84
49 189
49 149
49 42
49 90
49 176
49 76
49 169
49 103
49 189
49 18
49 172
49 24
49 30
49 117
50 127
50 79
50 13
50 146
50 101
50 176
50 12
50 102
50 137
50 138
50 103
50 34
50 18
50 188
50 115
50 157
50 36
50 111
50 1
50 140
50 158
50 20
50 99
50 191
50 7
50 36
50 167
50 116
50 87
50 17
50 55
50 162
50 114
50 135
50 83
50 157
50 125
50 55
50 8
50 166
50 111
50 62
50 60
50 116
50 102
50 129
51 181
51 69
51 164
51 13
51 180
51 142
51 121
51 59
51 2
51 43
51 184
51 182
51 98
51 7
51 38
51 183
51 178
51 195
51 96
51 88
51 31
51 159
51 28
51 194
51 4
51 162
51 45
51 124
51 149
51 185
51 30
51 122
51 152
51 175
51 165
51 168
51 19
51 14
52 169
52 84
52 187
52 147
52 10
52 110
52 193
52 41
52 30
52 117
52 169
52 194
52 181
52 24
52 97
52 6
52 179
52 32
52 84
52 39
52 133
52 149
52 27
52 112
52 126
52 79
52 160
52 24
52 11
52 102
52 95
52 105
53 194
53 76
53 118
53 62
53 187
53 190
53 21
53 110
53 21
53 81
53 102
53 159
53 58
53 145
53 138
53 50
53 39
53 181
53 149
53 69
53 42
53 2
53 122
53 160
53 152
53 160
53 152
53 22
53 33
53 47
53 81
53 125
53 74
53 58
53 118
53 142
53 155
53 5
53 89
53 24
53 167
53 104
53 48
53 134
53 34
53 188
54 161
54 9
54 100
54 196
54 10
54 165
54 148
54 58
54 71
54 123
54 98
54 46
54 146
54 68
54 4
54 196
54 156
54 179
54 151
54 198
54 19
54 106
54 162
54 114
54 45
54 106
54 149
54 192
54 5
54 182
54 136
54 164
55 50
55 60
55 110
55 48
55 195
55 175
55 69
55 87
55 132
55 41
55 138
55 165
55 80
55 46
55 68
55 19
55 30
55 0
55 157
55 166
55 113
55 174
55 93
55 127
55 80
55 138
55 108
55 92
55 66
55 52
55 173
55 113
55 71
55 137
55 16
55 188
55 198
55 103
55 123
55 68
55 171
56 117
56 132
56 1
56 49
56 36
56 33
56 4
56 170
56 163
56 40
56 149
56 159
56 24
56 21
56 55
56 157
56 126
56 44
56 156
56 48
56 5
56 3
56 165
56 0
56 24
56 18
56 17
56 50
56 87
56 75
56 157
56 41
56 54
56 142
56 5
56 29
56 82
56 173
56 116
56 60
56 57
56 199
56 66
56 72
56 16
56 89
56 50
57 31
57 118
57 160
57 20
57 104
57 165
57 20
57 88
57 37
57 65
57 36
57 15
57 197
57 160
57 26
57 74
57 136
57 47
57 11
57 147
57 20
57 196
57 63
57 103
57 76
57 36
57 151
57 6
57 131
57 9
57 93
57 173
57 130
57 159
57 196
57 146
57 18
58 145
58 4
58 191
58 55
58 191
58 20
58 141
58 110
58 75
58 168
58 7
58 163
58 13
58 187
58 139
58 179
58 7
58 64
58 22
58 169
58 76
58 72
58 61
58 20
58 26
58 77
58 134
58 143
58 162
58 76
58 59
58 157
58 113
59 24
59 72
59 116
59 195
59 115
59 87
59 156
59 196
59 8
59 180
59 158
59 86
59 196
59 96
59 186
59 55
59 45
59 10
59 196
59 71
59 175
59 3
59 113
59 154
59 175
59 73
59 71
59 17
59 6
59 47
59 73
59 118
59 195
59 14
59 16
59 60
59 63
59 190
59 102
59 27
59 27
59 61
59 158
59 154
59 159
59 62
59 73
59 137
59 164
60 109
60 100
60 188
60 148
60 16
60 12
60 106
60 98
60 199
60 116
60 158
60 20
60 97
60 149
60 54
60 77
60 36
60 103
60 137
60 68
60 176
60 84
60 195
60 2
60 21
60 117
60 47
60 170
60 167
60 103
60 100
60 98
60 140
60 142
60 66
60 39
60 76
60 137
60 32
60 77
60 76
61 27
61 172
61 174
61 92
61 104
61 83
61 132
61 191
61 124
61 169
61 103
61 176
61 15
61 81
61 167
61 50
61 77
61 181
61 115
61 55
61 88
61 91
61 118
61 25
61 185
61 72
61 186
61 179
61 163
61 171
61 54
61 158
61 94
61 73
61 2
61 50
61 141
61 109
61 23
61 115
61 138
62 170
62 73
62 173
62 50
62 111
62 32
62 114
62 186
62 42
62 145
62 142
62 170
62 49
62 20
62 163
62 22
62 199
62 9
62 22
62 105
62 162
62 123
62 177
62 190
62 6
62 3
62 17
62 146
62 94
62 173
62 25
62 67
62 150
62 17
62 109
62 100
62 78
62 46
62 170
62 169
62 128
62 197
62 141
62 42
62 52
62 103
63 52
63 158
63 19
63 37
63 132
63 58
63 2
63 19
63 178
63 70
63 19
63 194
63 13
63 139
63 29
63 163
63 167
63 108
63 93
63 178
63 43
63 193
63 133
63 116
63 22
63 42
63 137
63 165
63 24
63 27
63 111
63 195
63 162
63 43
63 84
63 199
64 49
64 185
64 53
64 61
64 4
64 106
64 70
64 106
64 17
64 177
64 158
64 188
64 118
64 186
64 185
64 103
64 152
64 86
64 17
64 171
64 36
64 86
64 8
64 129
64 42
64 1
64 17
64 133
64 60
64 154
64 180
64 154
64 152
64 154
64 104
65 141
65 34
65 92
65 100
65 29
65 18
65 98
65 43
65 162
65 129
65 60
65 86
65 10
65 187
65 128
65 139
65 176
65 101
65 66
65 8
65 15
65 192
65 168
65 37
65 93
65 184
65 123
65 28
65 78
65 139
65 24
65 71
65 166
65 170
65 79
65 139
65 112
65 101
66 127
66 91
66 65
66 129
66 81
66 62
66 190
66 178
66 174
66 116
66 3
66 38
66 93
66 74
66 131
66 134
66 87
66 57
66 166
66 65
66 121
66 32
66 96
66 162
66 187
66 164
66 149
66 68
66 72
66 76
66 110
66 193
66 126
66 119
66 155
66 170
66 0
66 160
66 75
66 190
66 149
66 150
66 142
66 65
66 153
66 199
66 126
67 158
67 144
67 182
67 185
67 2
67 90
67 86
67 171
67 1
67 152
67 88
67 149
67 31
67 175
67 70
67 176
67 52
67 89
67 177
67 14
67 129
67 19
67 34
67 142
67 126
67 56
67 65
67 101
67 74
67 22
67 3
67 80
67 175
67 9
67 185
67 23
67 24
67 34
67 95
67 182
67 105
67 62
67 141
67 186
67 15
67 115
68 113
68 97
68 18
68 54
68 53
68 103
68 21
68 73
68 183
68 41
68 189
68 56
68 136
68 118
68 176
68 80
68 122
68 167
68 159
68 43
68 69
68 95
68 120
68 172
68 24
68 187
68 141
68 62
68 45
68 36
68 56
68 77
68 178
68 117
68 19
68 72
68 160
68 136
68 71
68 166
68 158
68 109
68 84
68 53
68 35
68 112
68 107
69 126
69 3
69 28
69 157
69 25
69 197
69 48
69 42
69 59
69 40
69 55
69 144
69 91
69 193
69 87
69 151
69 106
69 161
69 52
69 151
69 52
69 86
69 122
69 120
69 194
69 199
69 82
69 134
69 185
69 4
69 102
69 185
69 120
69 131
69 121
69 93
69 48
69 74
69 16
69 51
70 44
70 42
70 45
70 90
70 3
70 122
70 76
70 84
70 134
70 75
70 39
70 0
70 17
70 186
70 49
70 119
70 117
70 14
70 13
70 175
70 127
70 98
70 156
70 80
70 180
70 10
70 53
70 33
70 40
70 90
70 13
70 58
70 85
70 8
71 20
71 45
71 150
71 196
71 107
71 136
71 32
71 81
71 4
71 36
71 133
71 81
71 188
71 111
71 35
71 125
71 49
71 179
71 120
71 182
71 176
71 107
71 52
71 30
71 166
71 83
71 96
71 96
71 61
71 120
71 131
71 80
71 141
71 70
71 26
71 187
71 97
71 191
72 104
72 176
72 59
72 137
72 64
72 55
72 57
72 157
72 5
72 170
72 145
72 185
72 33
72 146
72 166
72 163
72 37
72 182
72 154
72 131
72 48
72 25
72 172
72 194
72 160
72 83
72 197
72 179
72 157
72 115
72 66
72 105
72 37
72 137
72 151
72 154
72 173
72 109
73 20
73 110
73 97
73 62
73 26
73 85
73 85
73 161
73 152
73 116
73 155
73 26
73 144
73 50
73 105
73 166
73 180
73 139
73 61
73 117
73 0
73 151
73 43
73 131
73 88
73 118
73 95
73 112
73 166
73 137
73 178
73 53
74 151
74 49
74 103
74 192
74 198
74 56
74 4
74 194
74 149
74 46
74 176
74 110
74 17
74 134
74 118
74 89
74 20
74 169
74 168
74 178
74 18
74 180
74 146
74 58
74 76
74 122
74 167
74 66
74 75
74 3
74 53
74 58
74 132
74 148
74 97
74 83
74 12
74 41
74 47
74 167
74 184
74 132
74 84
74 37
74 186
74 1
75 121
75 18
75 65
75 153
75 49
75 42
75 62
75 192
75 133
75 171
75 34
75 171
75 65
75 69
75 138
75 55
75 180
75 56
75 18
75 7
75 47
75 95
75 177
75 85
75 64
75 170
75 159
75 194
75 6
75 179
75 19
75 135
75 100
75 54
75 101
75 165
75 137
75 194
75 30
75 197
75 167
76 38
76 147
76 46
76 72
76 39
76 152
76 156
76 157
76 187
76 37
76 27
76 72
76 182
76 122
76 116
76 15
76 120
76 177
76 81
76 179
76 51
76 116
76 82
76 25
76 48
76 163
76 90
76 13
76 7
76 86
76 99
76 47
76 4
76 124
76 72
76 136
76 137
76 151
76 148
76 49
76 96
76 49
76 39
76 151
76 96
76 10
76 180
77 135
77 73
77 105
77 108
77 173
77 121
77 35
77 95
77 129
77 128
77 14
77 75
77 145
77 174
77 106
77 154
77 198
77 127
77 196
77 179
77 120
77 10
77 157
77 120
77 88
77 84
77 53
77 179
77 85
77 39
77 199
77 120
77 152
77 185
77 196
77 149
77 167
77 84
77 63
77 33
77 36
77 69
77 76
77 25
77 70
77 185
77 159
78 80
78 114
78 164
78 155
78 18
78 95
78 182
78 133
78 32
78 107
78 143
78 15
78 106
78 173
78 154
78 114
78 148
78 126
78 155
78 174
78 66
78 173
78 45
78 99
78 137
78 118
78 16
78 164
78 28
78 60
78 48
78 9
78 48
78 9
78 51
78 127
78 94
79 81
79 73
79 187
79 165
79 22
79 113
79 122
79 134
79 171
79 15
79 54
79 134
79 64
79 39
79 76
79 133
79 58
79 45
79 22
79 67
79 172
79 28
79 48
79 126
79 99
79 101
79 150
79 178
79 137
79 139
79 101
79 70
79 18
79 42
79 150
79 87
79 116
79 112
79 90
79 21
79 1
79 183
79 141
79 135
79 144
79 124
80 124
80 32
80 138
80 10
80 154
80 180
80 35
80 124
80 82
80 50
80 195
80 1
80 64
80 143
80 59
80 54
80 106
80 50
80 93
80 93
80 134
80 113
80 167
80 111
80 54
80 86
80 81
80 173
80 182
80 96
80 178
80 26
80 132
80 135
81 51
81 19
81 2
81 159
81 186
81 26
81 189
81 114
81 66
81 144
81 161
81 122
81 104
81 149
81 194
81 72
81 61
81 101
81 55
81 104
81 74
81 5
81 82
81 63
81 172
81 44
81 179
81 93
81 140
81 14
81 121
81 128
82 16
82 178
82 71
82 130
82 173
82 152
82 28
82 117
82 36
82 113
82 90
82 141
82 99
82 174
82 27
82 74
82 75
82 67
82 190
82 2
82 26
82 48
82 53
82 37
82 116
82 120
82 109
82 17
82 73
82 122
82 107
82 19
83 55
83 148
83 34
83 56
83 61
83 123
83 165
83 62
83 48
83 180
83 114
83 7
83 197
83 177
83 134
83 81
83 172
83 1
83 172
83 95
83 125
83 122
83 77
83 63
83 22
83 94
83 47
83 71
83 169
83 6
83 124
83 45
83 70
83 44
83 2
83 98
84 43
84 144
84 176
84 140
84 107
84 188
84 143
84 40
84 154
84 122
84 114
84 124
84 106
84 149
84 188
84 103
84 83
84 24
84 135
84 171
84 116
84 125
84 9
84 1
84 49
84 177
84 21
84 129
84 26
84 79
84 11
84 125
84 55
84 171
84 52
84 34
84 119
84 194
84 60
84 172
84 26
84 167
84 89
84 159
84 140
84 50
85 120
85 11
85 119
85 150
85 19
85 186
85 105
85 174
85 18
85 163
85 37
85 26
85 6
85 103
85 126
85 193
85 136
85 14
85 126
85 24
85 110
85 75
85 77
85 157
85 130
85 199
85 129
85 19
85 48
85 90
85 132
85 5
85 32
85 16
85 46
85 91
85 117
85 97
85 62
85 19
85 112
85 134
85 191
85 119
85 110
85 31
86 195
86 3
86 60
86 101
86 80
86 142
86 23
86 191
86 28
86 77
86 57
86 194
86 72
86 8
86 174
86 180
86 13
86 88
86 23
86 38
86 13
86 100
86 181
86 167
86 182
86 55
86 43
86 41
86 177
86 160
86 45
86 151
86 151
86 103
87 8
87 97
87 80
87 118
87 178
87 101
87 85
87 11
87 174
87 109
87 157
87 48
87 119
87 141
87 53
87 129
87 173
87 80
87 164
87 44
87 95
87 167
87 64
87 76
87 79
87 28
87 19
87 64
87 55
87 162
87 95
87 91
87 173
87 167
87 31
87 13
87 34
87 97
87 118
87 142
87 91
87 118
87 125
87 19
87 179
88 171
88 147
88 162
88 119
88 85
88 128
88 79
88 2
88 199
88 180
88 18
88 12
88 59
88 4
88 123
88 80
88 191
88 179
88 85
88 184
88 96
88 23
88 172
88 64
88 17
88 68
88 135
88 176
88 19
88 49
88 146
88 136
88 131
88 176
88 97
88 132
88 100
88 4
88 57
88 127
88 9
89 114
89 163
89 35
89 65
89 48
89 198
89 88
89 155
89 107
89 170
89 117
89 15
89 165
89 191
89 32
89 86
89 166
89 27
89 118
89 92
89 82
89 4
89 106
89 181
89 138
89 187
89 168
89 87
89 61
89 142
89 147
89 71
89 53
89 57
89 50
89 178
89 128
89 64
89 159
89 1
89 98
89 114
89 166
89 73
89 112
90 27
90 195
90 113
90 35
90 26
90 85
90 111
90 81
90 195
90 138
90 102
90 195
90 179
90 125
90 93
90 142
90 182
90 70
90 78
90 35
90 15
90 84
90 17
90 107
90 153
90 87
90 102
90 77
90 104
90 75
90 68
90 57
90 23
90 0
90 103
90 64
90 157
90 50
90 100
90 86
90 104
90 145
90 24
91 97
91 16
91 33
91 89
91 191
91 141
91 88
91 89
91 194
91 14
91 164
91 89
91 73
91 85
91 22
91 7
91 63
91 69
91 87
91 145
91 21
91 95
91 92
91 5
91 99
91 138
91 196
91 170
91 39
91 115
91 0
91 181
91 1
91 172
91 109
91 135
91 43
91 75
91 124
91 182
91 4
91 69
91 36
91 191
92 154
92 90
92 190
92 45
92 18
92 185
92 101
92 5
92 14
92 190
92 37
92 103
92 197
92 21
92 177
92 15
92 49
92 63
92 19
92 87
92 107
92 120
92 10
92 189
92 101
92 50
92 59
92 36
92 129
92 104
92 79
92 88
92 72
92 153
93 35
93 44
93 165
93 195
93 70
93 124
93 74
93 23
93 185
93 148
93 180
93 32
93 115
93 116
93 45
93 170
93 117
93 101
93 140
93 37
93 175
93 120
93 38
93 65
93 27
93 13
93 1
93 43
93 5
93 158
93 6
93 79
93 188
93 128
93 187
93 136
93 194
93 99
93 22
93 30
94 24
94 1
94 121
94 118
94 21
94 33
94 51
94 180
94 137
94 52
94 151
94 53
94 104
94 91
94 98
94 153
94 97
94 61
94 123
94 197
94 88
94 138
94 169
94 118
94 52
94 73
94 63
94 72
94 65
94 3
94 155
94 8
94 80
94 191
94 96
94 51
94 179
94 178
94 16
95 51
95 12
95 167
95 10
95 123
95 140
95 15
95 43
95 190
95 38
95 32
95 40
95 119
95 40
95 37
95 31
95 104
95 151
95 73
95 47
95 197
95 187
95 195
95 62
95 130
95 167
95 39
95 2
95 35
95 88
95 72
95 16
95 123
95 110
95 64
95 196
95 13
95 178
95 71
95 45
95 41
95 153
95 190
95 130
95 193
95 36
95 48
95 14
95 150
95 124
96 44
96 118
96 185
96 37
96 14
96 48
96 182
96 54
96 122
96 62
96 27
96 90
96 167
96 83
96 76
96 152
96 140
96 186
96 49
96 48
96 139
96 44
96 126
96 11
96 153
96 168
96 146
96 47
96 174
96 103
96 145
96 153
96 6
96 157
96 123
96 71
96 50
96 137
96 170
96 9
96 114
96 15
96 40
96 97
96 141
97 153
97 35
97 123
97 38
97 171
97 112
97 21
97 128
97 78
97 15
97 12
97 163
97 122
97 7
97 11
97 82
97 198
97 177
97 145
97 28
97 80
97 179
97 196
97 95
97 142
97 147
97 171
97 119
97 86
97 192
97 29
97 100
97 182
98 15
98 174
98 187
98 4
98 174
98 146
98 159
98 63
98 0
98 187
98 185
98 199
98 38
98 142
98 148
98 26
98 95
98 24
98 1
98 28
98 135
98 194
98 28
98 127
98 6
98 166
98 172
98 43
98 54
98 65
98 123
98 38
98 109
98 86
98 50
98 125
98 145
98 91
98 104
98 115
98 41
98 19
98 129
99 167
99 187
99 10
99 186
99 23
99 157
99 64
99 73
99 9
99 54
99 122
99 152
99 10
99 147
99 151
99 74
99 148
99 121
99 146
99 4
99 8
99 165
99 27
99 182
99 28
99 164
99 157
99 146
99 162
99 55
99 112
99 117
99 132
99 176
99 66
99 21
99 67
99 131
99 81
99 129
100 180
100 179
100 144
100 185
100 2
100 188
100 113
100 94
100 157
100 132
100 131
100 53
100 156
100 112
100 165
100 126
100 168
100 121
100 146
100 193
100 21
100 55
100 120
100 196
100 160
100 53
100 26
100 109
100 56
100 50
100 61
100 115
100 186
100 99
101 26
101 89
101 133
101 13
101 102
101 167
101 39
101 198
101 142
101 124
101 136
101 125
101 180
101 130
101 52
101 74
101 135
101 109
101 137
101 113
101 110
101 158
101 181
101 94
101 17
101 145
101 12
101 44
101 26
101 151
101 150
101 78
102 160
102 38
102 182
102 185
102 170
102 123
102 31
102 96
102 11
102 196
102 110
102 99
102 193
102 34
102 160
102 141
102 158
102 16
102 124
102 2
102 117
102 193
102 90
102 43
102 139
102 20
102 32
102 64
102 130
102 112
102 77
102 142
102 165
102 67
102 1
102 185
102 7
102 160
102 2
102 54
102 6
102 198
102 66
102 8
103 21
103 6
103 109
103 142
103 107
103 126
103 51
103 9
103 53
103 72
103 168
103 142
103 77
103 36
103 143
103 130
103 51
103 108
103 141
103 35
103 127
103 15
103 30
103 83
103 57
103 12
103 70
103 127
103 87
103 57
103 127
103 107
103 37
103 84
103 148
103 138
103 91
103 80
103 106
103 193
103 52
104 163
104 8
104 137
104 60
104 197
104 150
104 61
104 97
104 119
104 79
104 38
104 160
104 172
104 51
104 17
104 36
104 52
104 152
104 6
104 70
104 9
104 79
104 49
104 80
104 185
104 101
104 167
104 149
104 100
104 18
104 15
104 113
104 75
104 4
104 73
104 18
104 182
104 27
104 171
104 39
104 51
104 108
104 37
104 155
104 33
104 3
104 182
104 131
104 3
104 180
105 66
105 132
105 53
105 0
105 193
105 62
105 115
105 195
105 11
105 161
105 158
105 100
105 170
105 119
105 178
105 196
105 182
105 106
105 36
105 176
105 1
105 146
105 176
105 187
105 117
105 120
105 98
105 43
105 84
105 35
105 79
105 175
105 71
105 152
105 58
105 137
105 162
105 26
106 32
106 144
106 15
106 8
106 189
106 133
106 48
106 101
106 181
106 165
106 2
106 82
106 93
106 123
106 110
106 58
106 18
106 121
106 199
106 161
106 109
106 62
106 34
106 48
106 190
106 166
106 131
106 117
106 119
106 33
106 54
106 45
106 163
106 87
106 150
106 181
106 168
106 110
106 66
106 157
106 160
106 179
106 162
106 122
106 162
107 69
107 102
107 121
107 93
107 122
107 131
107 121
107 151
107 50
107 94
107 8
107 194
107 160
107 99
107 165
107 166
107 103
107 103
107 182
107 158
107 162
107 127
107 46
107 24
107 21
107 33
107 20
107 26
107 190
107 4
107 102
107 157
107 98
107 115
107 166
107 94
107 18
107 31
107 68
108 190
108 77
108 97
108 190
108 161
108 30
108 88
108 19
108 59
108 186
108 90
108 113
108 148
108 169
108 155
108 9
108 96
108 177
108 75
108 58
108 75
108 68
108 115
108 178
108 23
108 156
108 135
108 130
108 107
108 77
108 24
108 69
108 117
108 192
108 70
108 76
108 47
108 79
108 76
108 91
108 190
108 183
108 74
108 23
108 142
109 19
109 1
109 119
109 91
109 12
109 26
109 71
109 137
109 17
109 50
109 43
109 90
109 82
109 166
109 15
109 67
109 148
109 160
109 154
109 45
109 142
109 159
109 144
109 82
109 59
109 121
109 150
109 88
109 189
109 188
109 102
109 93
109 13
109 38
109 162
109 30
109 65
110 12
110 47
110 49
110 15
110 13
110 71
110 130
110 38
110 121
110 2
110 118
110 113
110 27
110 25
110 119
110 70
110 5
110 134
110 94
110 43
110 61
110 123
110 24
110 169
110 194
110 143
110 189
110 191
110 137
110 76
110 194
110 46
110 180
110 7
110 44
110 154
110 0
110 160
110 141
110 166
110 176
110 21
110 175
111 42
111 20
111 31
111 156
111 59
111 131
111 87
111 15
111 82
111 151
111 173
111 74
111 168
111 129
111 83
111 64
111 95
111 101
111 158
111 69
111 95
111 139
111 171
111 138
111 21
111 22
111 35
111 11
111 197
111 85
111 145
111 58
111 26
111 34
111 11
111 67
111 21
111 116
111 123
111 176
111 63
111 99
111 94
111 193
111 152
112 98
112 185
112 32
112 4
112 193
112 81
112 125
112 11
112 168
112 180
112 4
112 77
112 13
112 149
112 161
112 128
112 35
112 169
112 52
112 190
112 154
112 136
112 51
112 129
112 167
112 31
112 97
112 179
112 108
112 57
112 170
112 60
112 56
112 186
112 45
112 53
112 97
112 47
112 5
112 189
112 187
112 74
112 106
112 178
112 12
112 188
112 29
112 14
113 22
113 45
113 101
113 170
113 162
113 93
113 83
113 108
113 110
113 184
113 121
113 146
113 5
113 14
113 57
113 34
113 137
113 45
113 126
113 196
113 66
113 54
113 71
113 64
113 129
113 101
113 140
113 20
113 107
113 133
113 61
113 34
113 122
113 0
113 143
113 73
113 198
113 68
113 156
113 17
113 120
113 18
113 122
113 159
113 35
114 29
114 46
114 19
114 25
114 130
114 58
114 26
114 51
114 79
114 61
114 93
114 5
114 24
114 109
114 23
114 107
114 49
114 118
114 129
114 199
114 105
114 16
114 130
114 58
114 80
114 192
114 157
114 9
114 84
114 53
114 184
114 175
114 140
114 157
114 184
114 171
114 162
114 101
115 199
115 29
115 49
115 63
115 118
115 113
115 25
115 134
115 56
115 82
115 112
115 31
115 43
115 51
115 140
115 107
115 52
115 82
115 66
115 145
115 196
115 173
115 103
115 75
115 100
115 9
115 134
115 18
115 32
115 46
115 45
115 32
115 172
115 161
115 189
115 130
115 11
115 87
116 140
116 189
116 51
116 28
116 133
116 102
116 5
116 169
116 117
116 86
116 121
116 52
116 189
116 96
116 50
116 63
116 141
116 161
116 139
116 3
116 103
116 27
116 44
116 111
116 34
116 65
116 11
116 187
116 66
116 65
116 20
116 118
116 120
117 49
117 36
117 116
117 43
117 199
117 88
117 172
117 168
117 9
117 132
117 131
117 27
117 72
117 181
117 73
117 5
117 18
117 197
117 144
117 1
117 134
117 194
117 162
117 182
117 31
117 36
117 61
117 31
117 28
117 159
117 171
117 153
117 92
117 106
117 166
117 156
117 165
117 132
117 153
118 71
118 24
118 184
118 132
118 17
118 88
118 148
118 11
118 145
118 38
118 144
118 15
118 198
118 94
118 11
118 10
118 153
118 141
118 38
118 32
118 86
118 13
118 184
118 81
118 188
118 73
118 147
118 157
118 151
118 96
118 35
118 176
118 96
118 157
118 124
119 27
119 159
119 40
119 10
119 23
119 4
119 97
119 182
119 123
119 93
119 175
119 94
119 18
119 96
119 197
119 144
119 189
119 9
119 153
119 18
119 96
119 117
119 150
119 25
119 168
119 111
119 70
119 87
119 43
119 95
119 151
119 44
119 118
119 155
119 46
119 175
119 162
119 29
119 0
119 47
119 75
119 171
119 110
119 73
119 76
119 150
119 52
119 143
119 48
119 128
120 97
120 27
120 77
120 1
120 152
120 12
120 190
120 4
120 125
120 159
120 96
120 40
120 146
120 18
120 45
120 10
120 38
120 97
120 7
120 116
120 184
120 70
120 6
120 117
120 102
120 20
120 43
120 19
120 47
120 190
120 138
120 25
120 145
120 141
120 149
120 110
120 71
120 171
121 19
121 94
121 143
121 79
121 17
121 21
121 105
121 54
121 79
121 8
121 31
121 135
121 118
121 65
121 78
121 52
121 170
121 81
121 116
121 25
121 182
121 140
121 120
121 154
121 177
121 110
121 45
121 155
121 46
121 23
121 187
121 119
121 149
121 80
121 36
121 44
121 66
121 179
121 186
121 109
121 165
121 95
121 30
121 42
121 199
121 34
121 157
122 82
122 137
122 7
122 160
122 108
122 162
122 187
122 134
122 171
122 149
122 44
122 173
122 84
122 133
122 89
122 146
122 57
122 28
122 190
122 81
122 109
122 73
122 180
122 60
122 58
122 63
122 132
122 196
122 111
122 32
122 111
122 53
122 73
123 51
123 28
123 135
123 145
123 40
123 130
123 102
123 160
123 91
123 199
123 14
123 187
123 33
123 173
123 168
123 20
123 15
123 110
123 151
123 65
123 106
123 31
123 189
123 48
123 160
123 35
123 183
123 35
123 58
123 38
123 31
123 132
123 78
123 78
123 16
123 182
123 23
123 146
123 34
123 161
123 0
123 48
123 24
124 59
124 30
124 132
124 191
124 110
124 127
124 141
124 190
124 39
124 11
124 120
124 91
124 186
124 80
124 49
124 140
124 88
124 188
124 33
124 182
124 181
124 83
124 141
124 38
124 149
124 56
124 80
124 166
124 27
124 103
124 28
124 0
124 131
124 198
124 192
124 198
124 198
124 25
124 72
124 101
124 194
124 52
124 1
124 186
125 56
125 183
125 37
125 119
125 43
125 155
125 182
125 177
125 78
125 32
125 148
125 3
125 187
125 92
125 55
125 24
125 163
125 179
125 64
125 109
125 10
125 180
125 166
125 199
125 74
125 48
125 117
125 80
125 95
125 199
125 33
125 84
125 83
125 110
125 23
125 121
125 142
125 116
125 95
125 76
125 194
125 58
125 136
125 50
125 33
126 6
126 139
126 141
126 117
126 131
126 130
126 162
126 81
126 14
126 133
126 67
126 48
126 97
126 88
126 7
126 112
126 73
126 66
126 137
126 144
126 183
126 187
126 198
126 122
126 110
126 1
126 183
126 42
126 165
126 53
126 59
126 55
126 159
126 46
126 33
126 15
126 10
126 70
126 139
126 147
127 11
127 157
127 14
127 5
127 171
127 30
127 83
127 79
127 131
127 173
127 26
127 38
127 48
127 105
127 2
127 78
127 157
127 94
127 152
127 154
127 192
127 10
127 122
127 131
127 18
127 106
127 11
127 54
127 83
127 63
127 162
127 129
127 90
127 65
127 126
127 104
127 152
127 99
127 115
127 2
127 113
127 42
127 10
127 196
127 176
128 40
128 184
128 189
128 12
128 137
128 145
128 5
128 22
128 190
128 51
128 186
128 18
128 72
128 54
128 41
128 161
128 145
128 127
128 6
128 145
128 67
128 143
128 131
128 37
128 91
128 60
128 19
128 130
128 7
128 18
128 46
128 8
128 88
128 47
128 88
128 172
128 107
128 38
128 193
128 37
128 199
128 139
129 171
129 80
129 182
129 124
129 179
129 163
129 170
129 169
129 17
129 84
129 32
129 90
129 101
129 23
129 25
129 4
129 6
129 4
129 138
129 191
129 29
129 151
129 169
129 46
129 78
129 122
129 95
129 76
129 60
129 34
129 73
129 179
129 101
129 175
130 72
130 142
130 111
130 147
130 33
130 198
130 101
130 102
130 10
130 160
130 107
130 44
130 168
130 9
130 34
130 61
130 174
130 78
130 60
130 28
130 67
130 136
130 10
130 48
130 55
130 181
130 179
130 180
130 133
130 120
130 132
130 142
130 131
130 198
130 6
130 177
130 132
130 65
130 195
131 9
131 7
131 43
131 27
131 155
131 119
131 193
131 81
131 168
131 112
131 82
131 46
131 173
131 127
131 172
131 194
131 181
131 0
131 109
131 69
131 25
131 87
131 185
131 100
131 154
131 122
131 28
131 98
131 43
131 91
131 194
131 182
131 10
131 8
131 111
131 71
131 164
131 138
131 72
131 184
131 29
131 41
131 149
131 47
131 180
131 192
132 164
132 180
132 6
132 54
132 55
132 181
132 157
132 191
132 31
132 100
132 29
132 32
132 126
132 78
132 39
132 124
132 52
132 79
132 133
132 49
132 46
132 185
132 118
132 124
132 147
132 55
132 123
132 28
132 116
132 94
132 97
132 0
132 170
132 169
133 114
133 149
133 108
133 118
133 118
133 48
133 160
133 120
133 2
133 193
133 120
133 130
133 182
133 52
133 78
133 91
133 108
133 145
133 123
133 101
133 40
133 47
133 139
133 129
133 94
133 57
133 104
133 48
133 75
133 24
133 53
133 92
133 104
133 175
133 162
133 119
133 155
133 63
133 186
133 125
133 138
133 36
134 183
134 23
134 81
134 173
134 57
134 102
134 93
134 60
134 142
134 42
134 109
134 27
134 80
134 82
134 193
134 12
134 159
134 119
134 66
134 166
134 76
134 121
134 140
134 174
134 69
134 178
134 39
134 153
134 145
134 188
134 197
134 107
134 111
134 49
134 66
134 178
134 145
134 20
134 54
134 130
134 8
134 70
134 99
134 65
134 52
135 183
135 169
135 115
135 151
135 29
135 167
135 96
135 155
135 50
135 148
135 197
135 45
135 25
135 117
135 97
135 58
135 75
135 152
135 124
135 33
135 13
135 153
135 116
135 142
135 175
135 194
135 141
135 164
135 90
135 60
135 21
135 169
135 103
135 9
135 9
135 115
135 24
135 22
135 48
135 158
135 108
135 75
135 193
135 129
135 154
135 26
135 143
135 143
136 77
136 153
136 93
136 186
136 69
136 72
136 15
136 23
136 164
136 29
136 46
136 71
136 102
136 55
136 44
136 19
136 174
136 131
136 99
136 44
136 141
136 62
136 61
136 58
136 31
136 191
136 166
136 87
136 96
136 52
136 64
136 80
136 95
136 145
136 63
136 132
136 15
136 134
136 150
136 106
136 144
136 121
136 146
136 140
136 101
137 142
137 53
137 151
137 95
137 21
137 135
137 135
137 122
137 10
137 73
137 128
137 184
137 40
137 168
137 171
137 148
137 136
137 58
137 122
137 168
137 128
137 144
137 28
137 27
137 157
137 154
137 83
137 180
137 49
137 108
137 114
137 32
137 14
137 68
137 12
137 95
137 128
138 49
138 84
138 177
138 23
138 58
138 194
138 132
138 47
138 150
138 123
138 151
138 139
138 109
138 57
138 62
138 83
138 161
138 141
138 52
138 37
138 194
138 92
138 41
138 44
138 41
138 100
138 185
138 76
138 187
138 136
138 134
138 1
138 41
138 24
139 197
139 88
139 26
139 58
139 167
139 61
139 33
139 112
139 147
139 188
139 23
139 99
139 127
139 172
139 22
139 45
139 166
139 182
139 44
139 42
139 63
139 22
139 46
139 56
139 186
139 19
139 178
139 167
139 81
139 114
139 127
139 23
139 75
139 60
139 46
139 35
140 192
140 195
140 45
140 87
140 33
140 109
140 167
140 41
140 137
140 24
140 123
140 58
140 113
140 44
140 196
140 144
140 121
140 62
140 80
140 42
140 34
140 159
140 9
140 47
140 146
140 62
140 42
140 156
140 27
140 10
140 3
140 146
140 103
140 191
141 111
141 103
141 67
141 35
141 164
141 25
141 11
141 166
141 66
141 182
141 136
141 40
141 178
141 97
141 65
141 139
141 84
141 195
141 183
141 124
141 45
141 88
141 195
141 106
141 192
141 122
141 114
141 35
141 150
141 57
141 74
141 81
141 4
141 137
141 173
141 30
141 171
141 142
142 186
142 112
142 159
142 133
142 161
142 128
142 69
142 34
142 8
142 65
142 131
142 22
142 148
142 129
142 41
142 69
142 193
142 178
142 117
142 87
142 24
142 197
142 185
142 33
142 121
142 190
142 167
142 42
142 67
142 49
142 74
142 2
142 147
142 170
142 94
142 2
142 182
142 119
142 121
142 0
142 13
142 163
142 133
142 118
143 126
143 94
143 62
143 60
143 66
143 122
143 13
143 101
143 107
143 11
143 14
143 81
143 24
143 124
143 87
143 82
143 17
143 175
143 122
143 94
143 145
143 1
143 32
143 62
143 128
143 49
143 163
143 88
143 125
143 181
143 16
143 43
144 90
144 101
144 117
144 168
144 46
144 115
144 2
144 188
144 19
144 122
144 21
144 158
144 134
144 70
144 59
144 75
144 172
144 3
144 191
144 123
144 72
144 85
144 107
144 128
144 67
144 179
144 67
144 153
144 143
144 128
144 182
144 196
144 125
144 16
145 166
145 188
145 109
145 138
145 124
145 80
145 182
145 59
145 118
145 112
145 0
145 121
145 98
145 74
145 48
145 107
145 160
145 9
145 6
145 63
145 137
145 9
145 158
145 140
145 155
145 103
145 159
145 135
145 8
145 186
145 10
145 165
146 42
146 164
146 104
146 59
146 121
146 169
146 110
146 97
146 40
146 20
146 124
146 2
146 53
146 128
146 26
146 55
146 42
146 48
146 34
146 171
146 106
146 21
146 195
146 74
146 28
146 186
146 11
146 169
146 199
146 172
146 149
146 131
146 197
146 35
146 63
146 7
146 191
146 60
146 120
146 168
146 181
146 96
146 111
146 100
147 31
147 173
147 5
147 119
147 139
147 16
147 97
147 58
147 148
147 32
147 122
147 130
147 167
147 178
147 164
147 117
147 171
147 139
147 58
147 60
147 143
147 15
147 49
147 88
147 83
147 64
147 138
147 176
147 155
147 85
147 32
147 186
147 14
147 130
147 105
147 12
147 99
147 178
147 56
147 126
147 69
147 183
147 55
147 11
147 114
147 7
147 92
148 131
148 86
148 32
148 105
148 23
148 145
148 37
148 53
148 144
148 49
148 143
148 142
148 170
148 192
148 115
148 23
148 196
148 117
148 61
148 38
148 62
148 36
148 154
148 12
148 116
148 113
148 52
148 163
148 168
148 102
148 26
148 109
148 36
148 138
148 134
148 97
148 19
148 158
148 34
148 131
148 175
148 37
148 97
149 69
149 166
149 195
149 196
149 146
149 56
149 95
149 176
149 114
149 56
149 93
149 24
149 78
149 193
149 73
149 185
149 47
149 130
149 138
149 52
149 179
149 84
149 94
149 115
149 37
149 19
149 77
149 2
149 196
149 137
149 10
149 160
149 14
149 41
150 166
150 94
150 159
150 105
150 87
150 109
150 112
150 62
150 97
150 191
150 15
150 155
150 3
150 14
150 185
150 94
150 167
150 9
150 130
150 33
150 12
150 6
150 164
150 90
150 160
150 92
150 156
150 84
150 142
150 161
150 122
150 139
150 93
150 147
150 92
150 114
150 110
151 174
151 22
151 47
151 113
151 187
151 113
151 105
151 41
151 114
151 153
151 162
151 85
151 106
151 36
151 76
151 163
151 118
151 138
151 144
151 39
151 27
151 102
151 0
151 71
151 175
151 24
151 27
151 119
151 182
151 12
151 161
151 25
151 199
151 27
151 179
151 111
151 120
151 37
151 180
151 191
151 2
151 153
151 8
151 81
151 131
151 23
151 175
151 181
151 85
151 164
152 112
152 113
152 179
152 188
152 190
152 84
152 164
152 2
152 29
152 164
152 124
152 73
152 63
152 77
152 27
152 55
152 184
152 138
152 27
152 22
152 169
152 86
152 170
152 64
152 84
152 92
152 22
152 43
152 96
152 86
152 74
152 163
152 71
152 166
152 56
152 146
152 195
152 23
152 92
152 156
152 160
152 71
152 54
152 105
152 179
152 32
152 115
152 2
152 197
153 10
153 148
153 26
153 186
153 48
153 58
153 137
153 167
153 197
153 181
153 189
153 166
153 60
153 89
153 81
153 149
153 148
153 198
153 83
153 173
153 133
153 124
153 75
153 6
153 170
153 136
153 15
153 84
153 46
153 67
153 30
153 123
153 198
153 72
154 192
154 11
154 84
154 140
154 63
154 100
154 132
154 7
154 32
154 107
154 175
154 81
154 82
154 17
154 23
154 17
154 1
154 8
154 118
154 54
154 74
154 105
154 187
154 174
154 87
154 5
154 94
154 130
154 86
154 113
154 82
154 40
154 166
154 86
155 115
155 154
155 180
155 96
155 196
155 172
155 107
155 172
155 90
155 71
155 33
155 17
155 68
155 147
155 167
155 180
155 33
155 21
155 157
155 176
155 198
155 31
155 28
155 154
155 35
155 192
155 126
155 169
155 68
155 101
155 129
155 179
155 197
155 20
155 64
155 101
155 132
155 65
155 139
155 29
155 51
155 46
156 100
156 22
156 84
156 61
156 121
156 166
156 174
156 104
156 126
156 43
156 177
156 197
156 150
156 132
156 11
156 52
156 82
156 196
156 2
156 12
156 15
156 59
156 125
156 32
156 197
156 170
156 186
156 115
156 78
156 36
156 173
156 152
156 99
156 117
156 129
156 82
156 22
156 155
156 143
156 99
156 137
156 151
157 139
157 174
157 52
157 83
157 42
157 43
157 127
157 20
157 179
157 50
157 192
157 73
157 70
157 81
157 162
157 95
157 93
157 137
157 137
157 165
157 171
157 56
157 188
157 38
157 16
157 141
157 192
157 195
157 99
157 94
157 106
157 7
157 145
157 47
158 80
158 53
158 187
158 16
158 189
158 56
158 62
158 5
158 38
158 115
158 56
158 58
158 70
158 75
158 102
158 142
158 73
158 185
158 154
158 150
158 6
158 53
158 51
158 194
158 115
158 181
158 62
158 89
158 161
158 84
158 155
158 111
158 36
158 194
159 161
159 169
159 115
159 12
159 50
159 17
159 156
159 45
159 83
159 90
159 40
159 45
159 64
159 182
159 123
159 94
159 55
159 10
159 63
159 106
159 30
159 89
159 87
159 104
159 57
159 66
159 145
159 168
159 143
159 151
159 139
159 16
159 192
159 135
159 89
159 59
159 98
159 67
159 53
159 153
159 104
159 43
159 128
159 43
160 54
160 190
160 193
160 128
160 106
160 184
160 193
160 83
160 74
160 106
160 134
160 119
160 109
160 169
160 158
160 42
160 167
160 34
160 96
160 140
160 110
160 99
160 33
160 185
160 113
160 60
160 80
160 48
160 63
160 102
160 38
160 82
160 54
161 74
161 22
161 78
161 158
161 197
161 7
161 170
161 167
161 26
161 170
161 142
161 177
161 17
161 112
161 148
161 50
161 30
161 53
161 40
161 49
161 103
161 34
161 85
161 102
161 181
161 97
161 174
161 74
161 2
161 67
161 174
161 162
161 134
161 51
161 147
161 75
161 20
161 18
161 167
161 149
161 32
161 176
161 119
161 197
162 146
162 34
162 104
162 111
162 39
162 185
162 53
162 128
162 79
162 80
162 120
162 122
162 146
162 11
162 121
162 176
162 35
162 175
162 159
162 157
162 132
162 74
162 167
162 126
162 19
162 125
162 119
162 78
162 98
162 184
162 151
162 48
162 186
162 132
162 140
162 97
162 25
162 58
162 140
163 24
163 171
163 90
163 49
163 153
163 68
163 101
163 69
163 88
163 136
163 25
163 5
163 65
163 143
163 140
163 140
163 35
163 94
163 193
163 31
163 6
163 1
163 35
163 172
163 87
163 162
163 14
163 181
163 50
163 72
163 170
163 90
163 192
163 6
163 30
163 144
163 38
163 157
163 59
163 146
163 20
163 29
163 170
163 113
163 31
163 148
163 148
163 168
163 154
163 73
164 32
164 32
164 71
164 170
164 159
164 138
164 20
164 61
164 140
164 153
164 36
164 5
164 166
164 73
164 165
164 85
164 185
164 100
164 6
164 107
164 28
164 38
164 135
164 38
164 136
164 89
164 19
164 167
164 86
164 147
164 43
164 6
164 97
164 194
164 147
164 23
165 44
165 77
165 190
165 23
165 119
165 6
165 55
165 194
165 41
165 72
165 128
165 94
165 131
165 77
165 91
165 120
165 130
165 37
165 32
165 6
165 97
165 195
165 154
165 83
165 75
165 18
165 62
165 106
165 86
165 188
165 94
165 8
165 190
165 168
165 81
165 88
165 24
165 192
165 199
166 8
166 11
166 125
166 68
166 146
166 190
166 4
166 165
166 39
166 133
166 70
166 72
166 11
166 56
166 99
166 125
166 53
166 83
166 8
166 131
166 179
166 6
166 57
166 97
166 105
166 52
166 75
166 199
166 142
166 192
166 63
166 118
166 20
166 67
166 131
166 197
166 90
166 46
166 57
166 101
166 12
166 165
167 150
167 95
167 198
167 5
167 93
167 199
167 113
167 155
167 11
167 23
167 139
167 120
167 9
167 126
167 157
167 10
167 49
167 49
167 185
167 95
167 2
167 58
167 108
167 94
167 165
167 95
167 113
167 138
167 134
167 41
167 156
167 11
167 143
167 124
167 174
167 89
167 38
167 65
167 91
167 172
168 71
168 190
168 51
168 100
168 148
168 192
168 77
168 180
168 34
168 177
168 144
168 18
168 44
168 22
168 17
168 15
168 57
168 102
168 31
168 77
168 113
168 173
168 158
168 34
168 164
168 126
168 132
168 120
168 27
168 166
168 4
168 51
168 51
168 48
168 115
168 74
168 150
168 90
168 102
168 26
168 116
168 120
168 195
168 192
168 48
169 125
169 60
169 127
169 62
169 53
169 144
169 87
169 137
169 25
169 60
169 183
169 108
169 158
169 72
169 175
169 136
169 115
169 139
169 1
169 116
169 3
169 96
169 45
169 58
169 7
169 185
169 65
169 189
169 10
169 58
169 80
169 113
169 104
169 31
169 188
169 129
169 83
169 101
169 142
169 139
169 180
169 83
169 132
169 20
170 189
170 183
170 150
170 52
170 14
170 186
170 75
170 26
170 86
170 11
170 56
170 36
170 69
170 36
170 29
170 158
170 23
170 199
170 161
170 39
170 78
170 165
170 198
170 12
170 94
170 25
170 157
170 11
170 50
170 105
170 78
170 129
170 176
170 74
170 161
170 164
170 45
170 30
170 181
170 75
170 44
170 77
170 3
170 161
170 125
171 27
171 91
171 196
171 77
171 92
171 150
171 33
171 145
171 158
171 38
171 43
171 60
171 75
171 25
171 29
171 87
171 180
171 189
171 125
171 187
171 60
171 195
171 91
171 91
171 190
171 141
171 82
171 71
171 103
171 99
171 74
171 196
171 142
171 136
171 41
171 183
171 123
171 82
171 74
171 44
171 20
171 148
171 140
171 194
171 72
172 107
172 121
172 52
172 120
172 93
172 85
172 174
172 86
172 12
172 73
172 21
172 102
172 198
172 33
172 0
172 137
172 188
172 72
172 167
172 176
172 76
172 155
172 39
172 143
172 32
172 120
172 57
172 198
172 63
172 78
172 154
172 163
172 193
172 137
172 117
172 32
172 54
172 195
172 113
172 99
173 198
173 18
173 58
173 172
173 169
173 132
173 155
173 110
173 63
173 124
173 185
173 28
173 124
173 84
173 81
173 96
173 165
173 163
173 129
173 192
173 2
173 108
173 141
173 185
173 101
173 125
173 17
173 52
173 74
173 93
173 150
173 69
173 96
173 159
173 197
173 72
174 133
174 127
174 10
174 116
174 155
174 152
174 190
174 128
174 112
174 193
174 195
174 17
174 152
174 45
174 61
174 56
174 196
174 43
174 16
174 148
174 69
174 12
174 49
174 47
174 60
174 13
174 132
174 112
174 64
174 47
174 140
174 151
174 153
174 140
174 24
174 131
174 108
174 177
174 120
174 6
174 167
174 27
174 182
174 60
174 134
175 144
175 109
175 168
175 95
175 127
175 31
175 188
175 164
175 74
175 196
175 61
175 127
175 181
175 54
175 100
175 59
175 87
175 75
175 15
175 87
175 5
175 29
175 69
175 27
175 55
175 18
175 102
175 170
175 32
175 130
175 141
175 76
175 163
175 173
175 165
175 155
175 118
175 133
175 96
175 20
175 183
175 24
175 28
175 172
175 125
175 154
175 137
175 125
176 18
176 103
176 180
176 116
176 72
176 65
176 195
176 115
176 115
176 90
176 43
176 41
176 86
176 131
176 2
176 125
176 22
176 96
176 196
176 163
176 31
176 92
176 117
176 7
176 177
176 152
176 168
176 103
176 148
176 139
176 161
176 83
176 94
176 15
176 81
176 79
176 93
176 123
176 144
176 65
176 155
176 5
176 57
176 190
176 198
176 133
176 40
176 111
176 66
176 81
177 148
177 9
177 41
177 67
177 190
177 52
177 73
177 185
177 35
177 112
177 54
177 72
177 195
177 65
177 111
177 139
177 133
177 68
177 161
177 139
177 181
177 109
177 81
177 42
177 46
177 26
177 60
177 45
177 180
177 110
177 114
177 151
177 136
177 99
177 50
177 31
177 34
177 115
177 138
178 81
178 12
178 6
178 119
178 101
178 50
178 95
178 91
178 22
178 31
178 69
178 90
178 36
178 116
178 114
178 0
178 97
178 109
178 102
178 40
178 97
178 7
178 54
178 170
178 62
178 30
178 19
178 97
178 32
178 93
178 109
178 5
178 182
178 55
178 190
178 118
178 41
178 77
178 126
178 8
178 171
178 116
178 50
178 57
178 20
178 70
178 130
178 163
178 126
179 108
179 125
179 36
179 47
179 136
179 191
179 173
179 66
179 41
179 56
179 19
179 119
179 118
179 71
179 42
179 86
179 88
179 85
179 195
179 3
179 166
179 127
179 168
179 36
179 181
179 104
179 84
179 122
179 88
179 190
179 158
179 51
179 93
179 7
179 170
179 33
179 47
179 192
179 7
179 126
179 156
179 158
179 158
179 106
179 13
179 187
180 166
180 175
180 51
180 19
180 189
180 80
180 0
180 13
180 43
180 55
180 124
180 41
180 197
180 3
180 148
180 150
180 105
180 167
180 167
180 140
180 84
180 154
180 112
180 150
180 173
180 17
180 153
180 131
180 195
180 120
180 60
180 115
180 185
180 195
180 142
180 5
180 75
180 159
180 32
180 147
181 136
181 63
181 23
181 118
181 159
181 151
181 189
181 176
181 38
181 13
181 88
181 17
181 72
181 136
181 1
181 183
181 25
181 55
181 14
181 31
181 42
181 160
181 36
181 159
181 38
181 25
181 16
181 43
181 85
181 66
181 199
181 165
181 194
181 90
181 63
181 78
181 85
182 135
182 163
182 86
182 161
182 59
182 114
182 96
182 125
182 113
182 161
182 143
182 146
182 74
182 177
182 96
182 76
182 21
182 175
182 76
182 114
182 98
182 37
182 66
182 127
182 194
182 139
182 144
182 81
182 160
182 134
182 151
182 40
182 192
182 135
182 51
183 103
183 111
183 188
183 74
183 74
183 57
183 131
183 58
183 85
183 102
183 18
183 69
183 0
183 71
183 160
183 173
183 69
183 114
183 125
183 28
183 114
183 33
183 89
183 135
183 151
183 92
183 185
183 30
183 95
183 112
183 27
183 99
183 179
183 164
183 180
183 170
183 149
183 77
184 160
184 9
184 187
184 93
184 100
184 157
184 89
184 125
184 97
184 135
184 183
184 197
184 135
184 149
184 1
184 176
184 101
184 38
184 165
184 54
184 143
184 135
184 190
184 172
184 6
184 111
184 81
184 136
184 20
184 33
184 142
184 141
184 69
184 79
184 100
184 164
184 73
184 104
184 114
184 71
184 75
184 105
184 25
184 59
184 97
184 170
185 181
185 43
185 53
185 184
185 96
185 156
185 171
185 113
185 37
185 179
185 199
185 156
185 132
185 64
185 178
185 59
185 104
185 160
185 70
185 145
185 151
185 152
185 153
185 26
185 130
185 140
185 157
185 45
185 111
185 120
185 170
185 121
185 136
185 151
185 195
185 152
185 30
185 155
185 168
185 189
185 190
185 99
185 7
185 71
186 4
186 20
186 137
186 82
186 160
186 145
186 157
186 97
186 101
186 83
186 157
186 154
186 53
186 91
186 95
186 101
186 138
186 126
186 199
186 62
186 155
186 47
186 177
186 6
186 28
186 50
186 104
186 159
186 101
186 99
186 151
186 6
186 192
187 9
187 144
187 73
187 188
187 170
187 161
187 98
187 35
187 190
187 55
187 61
187 152
187 77
187 199
187 177
187 77
187 81
187 83
187 18
187 35
187 82
187 136
187 183
187 30
187 125
187 10
187 36
187 42
187 48
187 159
187 26
187 129
187 125
187 9
187 103
187 143
187 177
188 52
188 93
188 90
188 179
188 194
188 124
188 192
188 168
188 53
188 164
188 117
188 19
188 3
188 155
188 32
188 56
188 18
188 33
188 16
188 36
188 7
188 141
188 65
188 62
188 114
188 165
188 160
188 153
188 152
188 144
188 34
188 40
188 98
188 180
188 42
188 142
189 145
189 45
189 16
189 126
189 86
189 10
189 64
189 40
189 96
189 16
189 67
189 93
189 160
189 2
189 14
189 154
189 0
189 52
189 18
189 103
189 41
189 118
189 163
189 23
189 104
189 130
189 154
189 70
189 66
189 16
189 134
189 126
189 28
189 21
189 191
189 24
189 183
189 49
190 184
190 180
190 173
190 2
190 173
190 181
190 123
190 73
190 156
190 153
190 8
190 189
190 7
190 24
190 156
190 199
190 17
190 114
190 54
190 60
190 153
190 179
190 78
190 81
190 162
190 145
190 61
190 163
190 92
190 119
190 158
190 173
190 101
190 147
190 100
190 100
190 199
190 158
190 169
190 53
190 187
191 56
191 155
191 70
191 112
191 66
191 150
191 139
191 124
191 5
191 48
191 157
191 165
191 86
191 119
191 194
191 11
191 50
191 179
191 165
191 47
191 175
191 69
191 62
191 138
191 94
191 16
191 70
191 159
191 141
191 112
191 22
191 120
191 102
191 194
191 153
191 7
191 139
191 132
191 181
191 79
191 37
191 71
191 189
191 179
191 186
191 71
191 31
191 42
191 94
191 19
192 119
192 33
192 186
192 54
192 119
192 50
192 9
192 69
192 41
192 14
192 94
192 167
192 158
192 182
192 136
192 191
192 101
192 160
192 52
192 141
192 197
192 181
192 178
192 142
192 109
192 23
192 98
192 141
192 76
192 40
192 1
192 189
192 153
192 35
192 8
192 73
193 6
193 196
193 41
193 141
193 49
193 164
193 24
193 123
193 126
193 45
193 105
193 13
193 143
193 14
193 75
193 46
193 165
193 113
193 180
193 98
193 179
193 121
193 149
193 8
193 184
193 93
193 146
193 30
193 58
193 96
193 132
193 4
193 5
193 197
193 118
193 141
193 113
193 63
193 50
193 161
193 4
193 124
193 4
193 183
193 197
193 138
193 142
193 43
194 185
194 195
194 103
194 17
194 140
194 123
194 13
194 161
194 111
194 51
194 32
194 53
194 153
194 26
194 166
194 116
194 102
194 176
194 116
194 121
194 35
194 101
194 88
194 72
194 172
194 131
194 11
194 81
194 78
194 125
194 81
194 96
194 30
194 62
194 8
194 133
194 7
194 83
194 98
194 143
194 114
194 77
194 85
194 45
194 149
194 98
195 102
195 141
195 63
195 147
195 56
195 160
195 94
195 77
195 90
195 49
195 121
195 21
195 174
195 94
195 108
195 189
195 0
195 34
195 172
195 123
195 54
195 90
195 86
195 174
195 152
195 156
195 183
195 15
195 160
195 41
195 197
195 79
195 128
195 198
195 80
195 88
195 23
195 46
195 96
195 125
195 65
195 123
195 113
195 180
195 147
196 9
196 184
196 12
196 137
196 106
196 46
196 60
196 49
196 52
196 60
196 42
196 118
196 130
196 127
196 2
196 104
196 140
196 169
196 92
196 102
196 165
196 65
196 75
196 145
196 5
196 80
196 108
196 165
196 48
196 85
196 66
196 175
196 55
196 89
196 42
196 146
196 179
196 177
196 185
196 45
196 55
196 107
196 20
196 38
196 31
196 102
196 140
196 170
196 175
197 2
197 145
197 63
197 107
197 195
197 54
197 14
197 87
197 61
197 42
197 11
197 44
197 10
197 102
197 131
197 198
197 62
197 40
197 43
197 187
197 144
197 39
197 191
197 17
197 85
197 184
197 9
197 27
197 199
197 8
197 73
197 32
197 85
197 101
197 0
197 152
197 110
197 75
197 158
197 192
197 42
197 192
197 76
197 181
197 104
197 12
197 2
197 86
197 3
198 76
198 196
198 30
198 7
198 49
198 28
198 194
198 152
198 66
198 186
198 99
198 73
198 25
198 106
198 18
198 101
198 99
198 71
198 15
198 156
198 169
198 168
198 157
198 58
198 195
198 113
198 18
198 84
198 18
198 26
198 41
198 148
198 175
198 170
198 131
198 173
198 30
198 39
198 85
199 45
199 10
199 40
199 106
199 31
199 74
199 98
199 82
199 113
199 28
199 72
199 172
199 80
199 72
199 70
199 83
199 82
199 56
199 34
199 88
199 75
199 77
199 76
199 104
199 174
199 20
199 19
199 27
199 118
199 137
199 48
199 190
199 11
199 185
199 59
199 92
199 158
