0 107
0 83
0 34
0 93
0 190
0 98
0 158
0 103
0 64
0 163
0 12
0 75
0 49
0 154
0 95
0 35
0 196
0 7
0 110
0 10
0 199
0 88
0 183
0 38
0 187
0 23
0 124
0 98
0 170
0 55
0 85
0 141
0 162
0 40
0 14
0 104
0 54
0 46
0 199
0 80
0 158
0 76
0 45
0 74
0 3
0 14
0 157
0 131
0 17
0 143
0 46
0 5
0 27
0 90
0 116
0 30
0 149
0 13
0 58
0 120
0 156
0 48
0 132
0 38
0 75
0 136
0 71
0 56
0 92
0 32
0 155
0 68
0 93
0 137
0 21
0 79
0 143
0 188
0 32
0 58
0 67
0 167
0 59
0 153
0 39
0 127
0 161
0 184
0 7
0 58
0 158
0 88
0 128
0 161
0 72
0 18
0 105
0 46
0 164
0 65
0 68
0 122
0 93
0 111
0 21
0 103
0 65
0 88
0 186
0 29
0 73
0 6
0 186
0 162
0 76
0 150
0 146
0 102
0 1
0 75
0 190
0 158
0 22
0 165
0 181
0 78
0 23
0 65
0 149
0 75
0 118
0 153
0 35
0 46
0 180
0 61
0 6
0 32
0 110
0 32
0 171
0 51
0 59
0 51
0 166
0 79
0 6
1 197
1 92
1 172
1 9
1 90
1 108
1 51
1 34
1 152
1 28
1 40
1 183
1 156
1 88
1 47
1 166
1 61
1 135
1 192
1 175
1 5
1 76
1 176
1 156
1 195
1 172
1 127
1 14
1 189
1 125
1 48
1 107
1 42
1 78
1 164
1 172
1 78
1 31
1 144
1 36
1 137
1 138
1 70
1 65
1 126
1 179
2 40
2 147
2 113
2 43
2 45
2 187
2 127
2 123
2 135
2 174
2 95
2 50
2 148
2 63
2 17
2 115
2 140
2 6
2 64
2 31
2 45
2 67
2 43
2 14
2 76
2 65
2 0
2 121
2 53
2 187
2 168
2 87
2 169
2 144
2 132
3 69
3 82
3 69
3 36
3 58
3 51
3 62
3 10
3 72
3 129
3 150
3 68
3 193
3 174
3 167
3 19
3 126
3 38
3 89
3 91
3 76
3 154
3 135
3 160
3 164
3 70
3 8
3 198
3 187
3 26
3 182
3 2
3 98
3 113
3 73
3 134
3 17
3 58
3 55
3 152
3 163
3 161
4 199
4 191
4 132
4 186
4 13
4 26
4 161
4 188
4 120
4 22
4 30
4 16
4 65
4 180
4 110
4 174
4 119
4 60
4 96
4 163
4 172
4 87
4 195
4 76
4 148
4 34
4 11
4 181
4 178
4 98
4 21
4 15
4 126
4 188
4 194
4 132
4 90
4 5
4 177
4 184
4 61
4 182
4 161
4 161
4 163
4 20
5 199
5 21
5 77
5 183
5 71
5 34
5 102
5 87
5 45
5 74
5 87
5 34
5 28
5 87
5 153
5 64
5 72
5 2
5 100
5 94
5 137
5 54
5 90
5 169
5 129
5 20
5 2
5 151
5 152
5 120
5 155
5 133
5 48
5 149
5 94
5 92
5 41
5 172
5 84
5 160
5 55
5 73
6 134
6 36
6 194
6 77
6 159
6 32
6 84
6 72
6 62
6 112
6 89
6 89
6 118
6 161
6 12
6 118
6 51
6 95
6 67
6 82
6 170
6 24
6 87
6 110
6 177
6 163
6 108
6 32
6 46
6 83
6 97
6 42
6 30
6 115
6 165
6 144
6 32
6 127
6 23
6 173
6 80
6 195
6 58
7 132
7 12
7 44
7 27
7 92
7 155
7 174
7 165
7 170
7 47
7 47
7 49
7 110
7 33
7 81
7 77
7 78
7 65
7 111
7 145
7 113
7 144
7 191
7 64
7 128
7 46
7 163
7 53
7 166
7 77
7 101
7 145
7 111
7 142
7 10
7 167
7 85
7 101
7 27
8 139
8 28
8 57
8 87
8 133
8 99
8 57
8 67
8 110
8 23
8 16
8 146
8 184
8 68
8 60
8 13
8 145
8 23
8 130
8 47
8 119
8 139
8 161
8 138
8 121
8 74
8 127
8 98
8 44
8 91
8 17
8 192
8 3
8 65
8 115
8 187
8 31
8 53
8 17
8 115
8 63
8 124
8 55
8 58
8 91
8 130
8 185
8 16
8 32
9 75
9 94
9 99
9 135
9 135
9 46
9 19
9 90
9 150
9 157
9 57
9 23
9 51
9 57
9 27
9 8
9 28
9 37
9 175
9 46
9 127
9 77
9 107
9 33
9 115
9 79
9 62
9 71
9 133
9 199
9 39
9 149
9 30
9 5
9 76
9 185
9 172
9 117
10 40
10 186
10 96
10 70
10 47
10 162
10 80
10 34
10 110
10 126
10 122
10 194
10 19
10 91
10 105
10 196
10 94
10 168
10 168
10 174
10 124
10 194
10 7
10 160
10 18
10 0
10 73
10 106
10 185
10 72
10 163
10 170
10 108
10 156
10 146
10 19
10 51
10 102
10 113
10 66
10 117
10 181
10 93
10 170
10 153
10 123
10 43
11 183
11 90
11 2
11 85
11 84
11 8
11 37
11 134
11 172
11 100
11 120
11 142
11 93
11 39
11 176
11 176
11 101
11 156
11 119
11 31
11 163
11 142
11 131
11 77
11 73
11 150
11 17
11 156
11 56
11 71
11 19
11 150
11 4
11 117
11 43
11 141
11 118
11 178
11 178
11 141
11 107
11 187
11 68
11 77
11 43
12 68
12 155
12 149
12 39
12 11
12 178
12 46
12 7
12 7
12 101
12 115
12 124
12 114
12 123
12 181
12 9
12 153
12 111
12 134
12 142
12 85
12 7
12 181
12 121
12 139
12 135
12 158
12 178
12 148
12 81
12 32
12 190
12 176
12 106
12 52
12 123
12 109
12 85
12 169
12 189
12 121
12 197
12 65
12 29
12 151
12 107
12 121
12 48
12 157
13 161
13 181
13 5
13 146
13 107
13 162
13 85
13 38
13 163
13 112
13 156
13 63
13 171
13 131
13 154
13 55
13 164
13 100
13 142
13 60
13 148
13 35
13 120
13 165
13 151
13 183
13 186
13 112
13 20
13 94
13 109
13 147
13 191
13 199
14 183
14 73
14 185
14 146
14 15
14 110
14 93
14 81
14 39
14 135
14 72
14 169
14 12
14 139
14 161
14 15
14 63
14 191
14 146
14 75
14 102
14 116
14 118
14 78
14 86
14 132
14 116
14 147
14 82
14 166
14 104
14 155
14 109
14 103
14 147
14 40
14 175
14 24
14 92
14 180
14 38
14 41
14 178
14 31
14 20
14 129
14 140
14 122
14 177
15 170
15 148
15 131
15 96
15 176
15 138
15 16
15 182
15 148
15 80
15 84
15 49
15 125
15 155
15 51
15 54
15 175
15 21
15 181
15 185
15 69
15 172
15 48
15 122
15 104
15 22
15 43
15 102
15 53
15 0
15 92
15 28
15 31
15 146
15 156
15 86
15 118
15 5
15 136
16 156
16 90
16 190
16 147
16 154
16 146
16 55
16 6
16 55
16 14
16 163
16 21
16 143
16 49
16 58
16 66
16 159
16 64
16 69
16 112
16 81
16 115
16 31
16 184
16 20
16 75
16 48
16 7
16 48
16 98
16 45
16 87
16 41
16 60
16 23
16 22
16 40
17 67
17 154
17 74
17 153
17 81
17 141
17 9
17 99
17 32
17 183
17 118
17 64
17 199
17 64
17 173
17 64
17 9
17 164
17 48
17 114
17 26
17 62
17 58
17 194
17 114
17 107
17 196
17 152
17 60
17 56
17 60
17 61
17 9
17 16
17 24
17 90
17 110
17 75
17 168
17 152
17 127
17 169
17 111
17 143
17 118
17 60
18 12
18 198
18 190
18 109
18 98
18 162
18 167
18 47
18 143
18 85
18 28
18 181
18 132
18 143
18 135
18 191
18 89
18 26
18 182
18 131
18 196
18 199
18 77
18 174
18 2
18 137
18 3
18 112
18 136
18 182
18 80
18 159
18 153
18 0
18 16
18 92
18 89
18 154
18 196
18 118
18 171
18 61
18 176
18 130
18 38
18 173
19 85
19 24
19 0
19 137
19 78
19 1
19 65
19 117
19 68
19 8
19 168
19 182
19 41
19 140
19 150
19 85
19 140
19 78
19 32
19 100
19 40
19 90
19 187
19 26
19 127
19 17
19 98
19 31
19 100
19 116
19 156
19 17
19 36
19 136
19 187
19 17
19 34
19 80
19 26
19 137
19 94
19 8
19 38
19 170
19 129
19 25
19 82
19 27
19 158
19 18
20 136
20 10
20 196
20 164
20 142
20 150
20 143
20 35
20 97
20 191
20 167
20 136
20 197
20 149
20 80
20 22
20 0
20 141
20 17
20 180
20 56
20 9
20 169
20 192
20 133
20 25
20 53
20 143
20 84
20 69
20 171
20 121
20 69
20 1
20 84
20 9
20 154
20 172
20 72
20 167
20 185
20 32
20 154
20 54
20 167
21 169
21 11
21 190
21 63
21 3
21 143
21 174
21 66
21 70
21 195
21 162
21 104
21 36
21 188
21 46
21 93
21 176
21 180
21 143
21 143
21 198
21 130
21 195
21 128
21 2
21 134
21 120
21 112
21 195
21 22
21 93
21 142
21 25
21 176
21 64
21 144
21 15
21 80
21 97
21 152
21 95
21 19
21 132
21 167
21 134
21 58
21 61
21 46
22 88
22 102
22 130
22 172
22 181
22 111
22 198
22 29
22 178
22 119
22 86
22 67
22 58
22 179
22 83
22 43
22 139
22 161
22 69
22 8
22 136
22 16
22 14
22 30
22 31
22 67
22 170
22 81
22 15
22 178
22 120
22 193
22 12
22 47
22 151
22 128
22 180
22 147
22 150
22 105
22 150
22 41
22 42
22 63
22 157
22 109
23 50
23 91
23 110
23 126
23 165
23 151
23 134
23 65
23 12
23 12
23 129
23 86
23 100
23 33
23 101
23 62
23 156
23 12
23 130
23 151
23 175
23 64
23 169
23 150
23 21
23 73
23 88
23 135
23 74
23 44
23 19
23 121
23 122
23 41
23 0
23 62
23 67
23 24
23 49
23 156
23 64
23 49
23 72
23 19
24 144
24 143
24 57
24 134
24 160
24 125
24 170
24 25
24 57
24 105
24 146
24 19
24 136
24 189
24 54
24 154
24 65
24 129
24 173
24 189
24 187
24 141
24 145
24 197
24 61
24 91
24 133
24 20
24 63
24 145
24 32
24 10
24 7
24 0
24 105
24 91
24 132
24 90
24 180
24 126
24 29
24 7
24 48
24 12
24 22
24 64
24 138
25 70
25 12
25 2
25 166
25 156
25 80
25 102
25 18
25 82
25 145
25 100
25 44
25 195
25 142
25 142
25 36
25 157
25 154
25 164
25 164
25 5
25 163
25 166
25 182
25 21
25 182
25 166
25 105
25 159
25 98
25 148
25 126
25 55
25 126
25 38
25 142
25 67
25 79
25 81
25 114
25 79
25 132
25 116
25 39
25 73
25 189
25 22
25 55
26 109
26 128
26 122
26 55
26 87
26 159
26 118
26 74
26 101
26 194
26 90
26 56
26 138
26 11
26 42
26 15
26 102
26 176
26 86
26 61
26 146
26 62
26 116
26 76
26 100
26 17
26 16
26 6
26 193
26 9
26 53
26 154
26 120
26 120
26 89
26 148
26 84
26 19
26 79
26 189
26 145
26 122
27 111
27 9
27 185
27 29
27 77
27 182
27 98
27 81
27 92
27 176
27 30
27 105
27 12
27 76
27 190
27 174
27 30
27 149
27 185
27 143
27 183
27 78
27 146
27 192
27 63
27 58
27 144
27 60
27 59
27 97
27 127
27 153
27 150
27 72
27 78
27 133
27 1
27 157
28 161
28 180
28 155
28 54
28 136
28 73
28 48
28 171
28 23
28 128
28 128
28 164
28 124
28 91
28 97
28 198
28 143
28 127
28 0
28 117
28 95
28 102
28 63
28 84
28 62
28 145
28 109
28 119
28 33
28 111
28 111
28 186
28 181
28 54
28 174
28 36
28 90
28 162
28 124
28 133
29 65
29 42
29 175
29 2
29 83
29 98
29 139
29 35
29 3
29 179
29 116
29 162
29 103
29 147
29 28
29 4
29 89
29 166
29 67
29 54
29 57
29 133
29 116
29 134
29 11
29 143
29 158
29 190
29 171
29 158
29 131
29 183
29 71
29 68
29 85
29 98
29 36
29 127
29 136
29 161
29 57
29 47
29 118
29 95
29 57
29 165
29 107
29 34
29 177
29 112
30 197
30 180
30 132
30 37
30 177
30 166
30 96
30 178
30 8
30 92
30 127
30 58
30 166
30 189
30 144
30 128
30 25
30 0
30 183
30 162
30 63
30 148
30 194
30 24
30 157
30 178
30 88
30 18
30 174
30 154
30 167
30 95
30 164
30 34
30 160
30 21
30 92
30 56
30 125
30 49
30 191
30 119
30 136
30 199
30 52
30 71
30 106
30 100
31 150
31 41
31 57
31 142
31 6
31 136
31 105
31 165
31 112
31 53
31 101
31 70
31 168
31 134
31 133
31 76
31 165
31 73
31 72
31 97
31 55
31 28
31 132
31 59
31 198
31 14
31 112
31 159
31 94
31 11
31 78
31 199
31 108
31 141
31 29
31 156
31 98
31 149
31 57
31 156
31 54
31 105
31 98
31 14
31 70
31 10
31 49
31 84
31 89
32 96
32 79
32 120
32 47
32 156
32 46
32 37
32 46
32 172
32 191
32 182
32 46
32 100
32 126
32 167
32 143
32 6
32 90
32 61
32 1
32 38
32 12
32 88
32 197
32 75
32 22
32 150
32 63
32 54
32 37
32 159
32 27
32 73
32 138
32 67
32 76
32 33
32 85
33 43
33 192
33 198
33 188
33 58
33 87
33 24
33 22
33 40
33 150
33 117
33 134
33 46
33 22
33 115
33 187
33 144
33 50
33 62
33 67
33 86
33 134
33 93
33 149
33 198
33 159
33 180
33 71
33 41
33 79
33 6
33 194
33 17
33 4
33 75
33 118
33 170
33 116
33 41
33 64
33 154
33 168
33 154
33 132
33 113
33 181
33 113
34 96
34 68
34 96
34 50
34 15
34 83
34 37
34 81
34 194
34 72
34 152
34 199
34 71
34 44
34 156
34 94
34 72
34 129
34 196
34 161
34 110
34 179
34 26
34 73
34 111
34 160
34 9
34 67
34 184
34 144
34 31
34 145
34 166
34 40
34 139
34 59
35 128
35 93
35 124
35 116
35 153
35 53
35 197
35 31
35 157
35 81
35 116
35 118
35 75
35 65
35 79
35 27
35 197
35 120
35 108
35 9
35 197
35 97
35 34
35 103
35 97
35 15
35 195
35 158
35 141
35 55
35 166
35 101
35 105
35 137
35 63
35 97
35 98
35 4
35 175
35 66
35 47
35 155
35 107
35 174
35 49
35 42
35 29
35 97
36 8
36 197
36 186
36 74
36 11
36 152
36 198
36 81
36 20
36 18
36 28
36 139
36 147
36 55
36 186
36 95
36 139
36 2
36 37
36 159
36 17
36 84
36 1
36 82
36 117
36 95
36 158
36 13
36 18
36 92
36 142
36 56
36 98
36 60
36 132
36 6
36 14
36 63
36 25
36 103
36 136
36 69
36 114
37 161
37 70
37 136
37 175
37 161
37 9
37 188
37 22
37 146
37 103
37 104
37 104
37 6
37 153
37 193
37 137
37 88
37 70
37 36
37 39
37 134
37 190
37 36
37 146
37 12
37 0
37 163
37 80
37 87
37 149
37 97
37 50
37 46
37 17
37 0
37 83
37 195
37 177
37 26
38 26
38 13
38 132
38 128
38 136
38 185
38 139
38 36
38 177
38 80
38 70
38 112
38 19
38 142
38 189
38 131
38 140
38 165
38 13
38 82
38 28
38 162
38 21
38 33
38 197
38 75
38 6
38 157
38 40
38 74
38 176
38 4
38 168
38 184
38 21
38 127
38 114
39 85
39 29
39 14
39 11
39 113
39 127
39 80
39 191
39 30
39 113
39 152
39 118
39 130
39 54
39 88
39 93
39 164
39 110
39 42
39 143
39 32
39 99
39 149
39 90
39 79
39 73
39 51
39 25
39 115
39 174
39 177
39 131
39 199
39 104
39 145
39 166
39 104
39 29
40 152
40 100
40 125
40 151
40 105
40 121
40 160
40 150
40 132
40 103
40 185
40 45
40 31
40 49
40 106
40 84
40 105
40 49
40 156
40 155
40 156
40 193
40 116
40 172
40 126
40 23
40 19
40 68
40 9
40 137
40 105
40 145
40 181
40 8
40 18
40 169
41 31
41 5
41 140
41 70
41 142
41 181
41 174
41 196
41 49
41 50
41 199
41 157
41 10
41 27
41 60
41 36
41 99
41 23
41 109
41 120
41 84
41 64
41 192
41 121
41 9
41 73
41 176
41 88
41 26
41 104
41 71
41 98
41 80
41 83
41 83
41 174
42 88
42 187
42 72
42 28
42 98
42 188
42 111
42 91
42 94
42 154
42 159
42 47
42 61
42 110
42 186
42 174
42 38
42 153
42 110
42 165
42 133
42 110
42 159
42 154
42 90
42 166
42 6
42 143
42 0
42 70
42 179
42 7
42 12
42 88
42 94
42 171
42 72
42 69
42 138
42 64
42 60
42 152
42 192
42 153
42 199
42 64
42 146
42 196
42 54
42 130
43 63
43 65
43 45
43 141
43 116
43 153
43 194
43 15
43 26
43 63
43 92
43 47
43 129
43 194
43 18
43 97
43 110
43 116
43 113
43 176
43 133
43 162
43 158
43 51
43 149
43 143
43 196
43 2
43 166
43 52
43 10
43 199
43 120
43 46
43 44
44 160
44 132
44 69
44 179
44 191
44 53
44 148
44 68
44 0
44 150
44 131
44 194
44 96
44 163
44 33
44 80
44 3
44 5
44 31
44 9
44 2
44 93
44 111
44 137
44 195
44 99
44 17
44 164
44 113
44 180
44 19
44 36
44 40
44 52
44 112
44 36
44 133
44 99
44 59
44 189
44 121
44 111
44 86
44 163
44 167
44 17
44 159
44 48
44 94
44 13
45 76
45 74
45 93
45 83
45 37
45 103
45 144
45 146
45 181
45 68
45 46
45 74
45 108
45 100
45 151
45 68
45 168
45 9
45 59
45 119
45 100
45 11
45 93
45 120
45 116
45 99
45 0
45 50
45 31
45 101
45 10
45 111
45 43
45 199
45 160
45 167
45 17
46 118
46 124
46 86
46 23
46 156
46 130
46 86
46 40
46 68
46 177
46 64
46 156
46 196
46 11
46 153
46 67
46 75
46 61
46 82
46 197
46 154
46 104
46 195
46 154
46 115
46 94
46 91
46 92
46 102
46 25
46 183
46 199
46 8
46 138
46 159
46 145
46 30
46 81
46 89
46 95
46 152
46 2
46 43
46 154
46 61
47 174
47 6
47 66
47 107
47 19
47 58
47 137
47 139
47 143
47 105
47 195
47 185
47 153
47 19
47 99
47 179
47 125
47 21
47 51
47 71
47 16
47 81
47 150
47 123
47 149
47 118
47 138
47 129
47 52
47 151
47 126
47 175
47 33
47 132
47 144
47 109
47 182
47 10
48 123
48 173
48 100
48 155
48 29
48 25
48 38
48 99
48 11
48 69
48 96
48 140
48 22
48 0
48 8
48 12
48 6
48 166
48 111
48 1
48 82
48 165
48 106
48 173
48 99
48 197
48 182
48 186
48 179
48 106
48 194
48 3
48 110
48 184
48 104
48 96
48 41
48 26
48 67
48 176
48 46
48 63
48 5
48 134
48 52
48 49
48 21
48 182
49 64
49 120
49 113
49 37
49 20
49 105
49 142
49 60
49 1
49 117
49 182
49 4
49 12
49 137
49 199
49 46
49 64
49 59
49 98
49 158
49 75
49 167
49 102
49 104
49 156
49 171
49 35
49 144
49 134
49 54
49 111
49 159
49 129
49 148
49 174
50 123
50 196
50 198
50 39
50 116
50 132
50 143
50 69
50 41
50 102
50 147
50 197
50 55
50 44
50 159
50 199
50 30
50 164
50 79
50 148
50 125
50 32
50 13
50 128
50 125
50 102
50 19
50 170
50 172
50 43
50 124
50 134
50 27
50 81
50 131
50 34
50 99
50 34
50 112
50 105
50 47
50 54
50 167
50 101
50 198
50 195
51 69
51 118
51 111
51 84
51 181
51 47
51 129
51 77
51 0
51 177
51 5
51 49
51 160
51 81
51 100
51 98
51 1
51 151
51 179
51 11
51 10
51 176
51 196
51 95
51 20
51 9
51 88
51 144
51 175
51 195
51 49
51 75
51 135
51 98
51 124
51 193
51 67
51 122
51 135
52 140
52 119
52 76
52 193
52 88
52 68
52 11
52 177
52 36
52 100
52 139
52 87
52 146
52 171
52 114
52 30
52 10
52 0
52 49
52 32
52 12
52 140
52 148
52 42
52 111
52 63
52 116
52 30
52 72
52 149
52 41
52 161
52 126
52 40
52 126
52 102
52 169
52 78
52 5
52 83
52 184
52 65
52 74
53 136
53 74
53 121
53 9
53 5
53 129
53 69
53 4
53 142
53 36
53 199
53 165
53 186
53 187
53 72
53 94
53 139
53 165
53 117
53 18
53 180
53 117
53 113
53 4
53 156
53 69
53 69
53 162
53 40
53 96
53 35
53 124
53 76
53 199
53 129
53 50
53 51
53 9
53 4
53 31
53 116
53 22
53 21
53 129
53 5
53 97
54 69
54 102
54 162
54 192
54 116
54 84
54 73
54 142
54 148
54 85
54 46
54 111
54 53
54 1
54 173
54 34
54 41
54 75
54 100
54 168
54 26
54 133
54 1
54 0
54 159
54 10
54 169
54 149
54 22
54 1
54 132
54 46
55 71
55 12
55 107
55 199
55 175
55 190
55 35
55 181
55 54
55 1
55 45
55 129
55 15
55 84
55 131
55 83
55 51
55 12
55 169
55 156
55 2
55 26
55 83
55 117
55 134
55 171
55 165
55 25
55 64
55 148
55 1
55 71
55 2
55 28
55 71
55 82
55 165
55 30
55 36
56 117
56 62
56 168
56 93
56 199
56 92
56 153
56 139
56 63
56 42
56 182
56 196
56 180
56 30
56 110
56 156
56 0
56 145
56 34
56 26
56 183
56 23
56 79
56 86
56 160
56 107
56 25
56 84
56 110
56 133
56 94
56 38
56 134
56 122
56 181
56 171
56 52
56 140
56 187
56 122
56 80
56 2
56 160
57 29
57 52
57 181
57 175
57 27
57 33
57 145
57 196
57 132
57 152
57 136
57 41
57 99
57 25
57 93
57 113
57 195
57 166
57 95
57 13
57 197
57 89
57 66
57 56
57 7
57 159
57 54
57 60
57 179
57 70
57 128
57 188
57 102
58 53
58 95
58 138
58 121
58 172
58 56
58 185
58 15
58 89
58 106
58 112
58 140
58 168
58 19
58 88
58 163
58 195
58 132
58 93
58 127
58 97
58 129
58 128
58 131
58 107
58 69
58 11
58 2
58 68
58 22
58 178
58 20
59 103
59 60
59 126
59 169
59 108
59 19
59 148
59 141
59 84
59 198
59 10
59 94
59 168
59 129
59 102
59 5
59 171
59 193
59 178
59 153
59 120
59 162
59 77
59 5
59 49
59 106
59 35
59 6
59 170
59 78
59 106
59 28
59 137
59 118
59 190
59 129
59 8
59 169
59 128
59 102
59 97
59 131
59 105
59 51
59 28
59 93
59 164
59 8
59 74
59 58
60 53
60 50
60 37
60 55
60 169
60 70
60 77
60 116
60 26
60 136
60 87
60 50
60 16
60 145
60 193
60 78
60 85
60 187
60 142
60 164
60 145
60 132
60 143
60 80
60 80
60 155
60 124
60 166
60 10
60 125
60 172
60 57
60 144
60 117
60 147
60 56
60 167
60 11
60 80
61 97
61 183
61 189
61 176
61 121
61 50
61 167
61 97
61 92
61 64
61 166
61 31
61 72
61 147
61 130
61 93
61 68
61 31
61 20
61 65
61 92
61 155
61 7
61 131
61 71
61 136
61 16
61 138
61 82
61 101
61 3
61 170
61 105
61 132
61 63
61 119
61 31
61 123
61 120
61 196
62 85
62 110
62 183
62 32
62 101
62 0
62 117
62 115
62 5
62 13
62 4
62 187
62 50
62 2
62 80
62 175
62 191
62 34
62 49
62 99
62 82
62 84
62 194
62 148
62 129
62 110
62 54
62 48
62 48
62 66
62 159
62 142
62 37
62 26
62 161
62 184
63 191
63 131
63 152
63 177
63 185
63 46
63 124
63 114
63 54
63 0
63 67
63 96
63 20
63 75
63 95
63 189
63 47
63 183
63 45
63 34
63 3
63 183
63 198
63 129
63 194
63 195
63 122
63 129
63 112
63 175
63 180
63 96
63 48
63 26
63 98
63 190
63 24
63 161
63 34
63 158
63 199
63 45
63 170
63 109
63 27
63 93
63 190
63 151
63 69
63 136
64 124
64 32
64 176
64 122
64 69
64 182
64 116
64 152
64 131
64 176
64 39
64 91
64 85
64 31
64 170
64 35
64 9
64 58
64 103
64 41
64 171
64 164
64 142
64 93
64 169
64 156
64 127
64 163
64 78
64 56
64 124
64 140
64 156
64 127
64 131
65 23
65 168
65 9
65 181
65 42
65 62
65 139
65 182
65 173
65 174
65 86
65 43
65 125
65 75
65 178
65 78
65 173
65 52
65 159
65 108
65 122
65 125
65 76
65 89
65 119
65 31
65 90
65 188
65 34
65 100
65 35
65 20
65 94
65 111
65 194
65 63
66 150
66 108
66 6
66 91
66 36
66 126
66 135
66 163
66 124
66 117
66 130
66 157
66 108
66 97
66 119
66 132
66 49
66 133
66 90
66 74
66 167
66 100
66 42
66 97
66 120
66 163
66 96
66 32
66 142
66 82
66 138
66 94
66 139
66 18
66 40
66 159
66 188
66 141
66 110
66 181
66 150
66 94
66 51
66 123
66 134
66 5
66 161
66 177
67 150
67 112
67 88
67 123
67 10
67 124
67 26
67 68
67 72
67 18
67 88
67 117
67 44
67 19
67 129
67 119
67 84
67 155
67 21
67 154
67 33
67 189
67 39
67 24
67 93
67 199
67 65
67 172
67 179
67 128
67 74
67 39
67 11
67 56
67 151
67 36
67 172
67 57
67 119
68 137
68 165
68 135
68 192
68 55
68 141
68 15
68 198
68 13
68 102
68 84
68 146
68 73
68 138
68 8
68 185
68 88
68 83
68 99
68 125
68 65
68 75
68 177
68 76
68 54
68 6
68 193
68 7
68 34
68 87
68 182
68 115
68 174
68 162
68 54
68 56
68 37
68 138
68 40
68 95
68 10
68 56
68 151
68 102
68 39
68 135
69 142
69 28
69 86
69 3
69 35
69 104
69 127
69 81
69 177
69 6
69 52
69 23
69 196
69 138
69 72
69 27
69 174
69 141
69 154
69 54
69 105
69 113
69 83
69 42
69 120
69 111
69 88
69 103
69 117
69 0
69 32
69 80
69 32
69 104
69 137
70 51
70 171
70 140
70 95
70 53
70 64
70 175
70 167
70 42
70 41
70 129
70 4
70 84
70 24
70 114
70 78
70 53
70 183
70 153
70 125
70 162
70 167
70 154
70 0
70 100
70 49
70 155
70 78
70 64
70 155
70 92
70 113
70 159
70 189
70 25
70 22
70 66
70 145
70 65
70 88
70 157
70 114
70 79
70 190
70 11
70 197
70 55
70 138
70 24
71 168
71 132
71 123
71 156
71 58
71 67
71 152
71 52
71 48
71 112
71 92
71 69
71 18
71 146
71 31
71 52
71 133
71 48
71 26
71 82
71 197
71 78
71 173
71 61
71 178
71 54
71 165
71 95
71 50
71 51
71 137
71 183
71 198
71 46
71 51
71 122
71 160
71 9
71 139
71 17
71 36
71 133
71 156
71 73
72 198
72 85
72 100
72 166
72 115
72 92
72 87
72 23
72 134
72 199
72 165
72 173
72 190
72 149
72 97
72 101
72 61
72 161
72 27
72 189
72 48
72 112
72 146
72 111
72 73
72 123
72 55
72 189
72 118
72 66
72 15
72 31
72 27
72 10
72 11
72 51
72 170
72 102
72 188
72 55
72 118
72 170
72 178
73 84
73 49
73 7
73 34
73 141
73 184
73 93
73 130
73 10
73 11
73 19
73 99
73 49
73 163
73 65
73 33
73 27
73 192
73 114
73 195
73 154
73 77
73 81
73 185
73 67
73 20
73 182
73 179
73 3
73 182
73 176
73 136
74 46
74 25
74 68
74 7
74 1
74 165
74 188
74 182
74 105
74 149
74 120
74 79
74 86
74 115
74 9
74 72
74 140
74 131
74 127
74 140
74 96
74 61
74 55
74 38
74 142
74 150
74 4
74 67
74 166
74 92
74 97
74 105
74 197
74 182
74 92
74 168
74 157
74 85
74 72
74 160
74 84
75 170
75 108
75 43
75 73
75 10
75 53
75 182
75 45
75 158
75 106
75 120
75 114
75 138
75 187
75 3
75 125
75 11
75 62
75 178
75 25
75 160
75 155
75 26
75 36
75 35
75 65
75 51
75 136
75 82
75 36
75 34
75 164
75 161
75 81
75 20
75 111
75 119
75 167
75 96
75 104
75 17
75 37
75 110
75 115
75 98
75 81
75 78
75 115
76 58
76 138
76 17
76 20
76 144
76 50
76 155
76 157
76 112
76 191
76 97
76 155
76 51
76 39
76 122
76 25
76 191
76 154
76 34
76 108
76 9
76 118
76 6
76 120
76 65
76 175
76 115
76 172
76 5
76 14
76 89
76 82
76 121
76 49
76 55
77 76
77 41
77 157
77 128
77 129
77 108
77 55
77 157
77 63
77 9
77 19
77 183
77 19
77 196
77 197
77 88
77 69
77 65
77 173
77 149
77 179
77 49
77 118
77 142
77 162
77 27
77 188
77 99
77 28
77 38
77 2
77 160
77 100
77 157
77 87
77 28
77 123
77 192
77 42
77 99
77 61
77 136
77 173
77 9
77 69
77 119
77 85
77 105
78 102
78 105
78 64
78 59
78 117
78 189
78 126
78 189
78 114
78 73
78 31
78 10
78 81
78 114
78 178
78 54
78 106
78 71
78 183
78 197
78 22
78 121
78 113
78 45
78 99
78 149
78 196
78 140
78 45
78 107
78 41
78 170
78 141
78 1
78 51
78 118
78 79
78 146
78 44
78 89
79 157
79 111
79 46
79 173
79 100
79 113
79 64
79 43
79 101
79 96
79 173
79 1
79 2
79 49
79 11
79 99
79 182
79 81
79 82
79 149
79 52
79 37
79 116
79 152
79 174
79 58
79 161
79 67
79 89
79 125
79 45
79 0
79 185
79 73
79 186
79 51
79 54
79 21
79 199
79 68
79 37
79 14
79 195
79 97
80 8
80 136
80 83
80 183
80 38
80 31
80 88
80 71
80 72
80 45
80 82
80 75
80 1
80 64
80 117
80 104
80 153
80 62
80 21
80 102
80 197
80 198
80 76
80 155
80 162
80 74
80 137
80 181
80 0
80 25
80 32
80 104
80 124
80 41
80 153
80 119
80 198
80 50
80 121
80 40
80 163
80 11
80 189
80 28
80 35
80 189
80 162
81 24
81 62
81 148
81 73
81 112
81 59
81 113
81 87
81 57
81 102
81 132
81 107
81 18
81 142
81 3
81 55
81 49
81 147
81 119
81 158
81 139
81 51
81 132
81 153
81 29
81 13
81 126
81 6
81 144
81 13
81 171
81 38
81 82
81 163
81 126
81 133
81 56
81 180
81 123
81 132
81 146
82 73
82 22
82 188
82 21
82 136
82 74
82 24
82 61
82 24
82 87
82 1
82 199
82 32
82 188
82 187
82 120
82 142
82 118
82 96
82 35
82 197
82 6
82 169
82 184
82 162
82 29
82 57
82 16
82 129
82 1
82 58
82 128
82 25
82 196
83 7
83 91
83 198
83 135
83 85
83 184
83 84
83 191
83 70
83 155
83 60
83 67
83 75
83 31
83 143
83 135
83 139
83 70
83 29
83 78
83 91
83 124
83 185
83 172
83 152
83 122
83 101
83 41
83 88
83 179
83 121
83 26
83 91
83 97
83 168
83 4
84 31
84 33
84 126
84 25
84 192
84 176
84 29
84 30
84 184
84 93
84 181
84 67
84 105
84 109
84 28
84 146
84 128
84 70
84 194
84 171
84 198
84 24
84 150
84 114
84 139
84 62
84 165
84 59
84 35
84 35
84 38
84 3
84 115
84 148
84 195
84 50
84 12
84 149
84 69
85 115
85 72
85 136
85 128
85 79
85 82
85 147
85 174
85 128
85 105
85 197
85 144
85 141
85 57
85 132
85 0
85 38
85 170
85 56
85 147
85 80
85 29
85 113
85 184
85 47
85 186
85 128
85 31
85 41
85 122
85 129
85 83
86 71
86 46
86 0
86 84
86 133
86 24
86 169
86 25
86 36
86 13
86 155
86 29
86 56
86 39
86 174
86 21
86 167
86 48
86 41
86 41
86 160
86 193
86 70
86 98
86 119
86 66
86 64
86 159
86 188
86 30
86 23
86 96
86 72
86 132
86 122
86 132
86 50
86 152
86 165
86 185
86 131
86 115
86 141
86 197
86 9
86 12
87 80
87 49
87 52
87 122
87 150
87 151
87 103
87 132
87 4
87 97
87 138
87 100
87 51
87 115
87 101
87 156
87 117
87 132
87 23
87 55
87 102
87 27
87 100
87 1
87 191
87 154
87 99
87 159
87 195
87 184
87 179
87 12
87 75
87 27
87 182
87 104
87 38
87 177
87 101
87 103
88 167
88 173
88 91
88 74
88 15
88 8
88 186
88 77
88 65
88 136
88 34
88 182
88 140
88 59
88 61
88 0
88 41
88 80
88 169
88 59
88 176
88 4
88 67
88 137
88 42
88 145
88 128
88 130
88 48
88 10
88 183
88 19
89 147
89 48
89 191
89 174
89 99
89 37
89 113
89 48
89 83
89 146
89 185
89 189
89 27
89 85
89 90
89 109
89 51
89 40
89 87
89 76
89 168
89 85
89 185
89 93
89 139
89 43
89 133
89 52
89 33
89 190
89 121
89 106
89 79
89 0
89 92
89 60
89 117
89 174
89 187
89 115
89 141
89 193
89 197
89 5
89 56
89 99
89 147
89 179
90 152
90 66
90 136
90 67
90 186
90 186
90 61
90 56
90 154
90 191
90 26
90 9
90 169
90 10
90 176
90 65
90 79
90 30
90 114
90 7
90 168
90 24
90 79
90 182
90 27
90 121
90 13
90 103
90 79
90 149
90 92
90 92
90 158
90 40
90 34
90 58
90 167
90 154
90 110
90 159
90 138
90 162
90 62
90 69
90 153
91 154
91 155
91 105
91 132
91 150
91 144
91 178
91 104
91 92
91 199
91 135
91 139
91 124
91 161
91 79
91 85
91 124
91 59
91 193
91 97
91 185
91 16
91 152
91 126
91 182
91 72
91 61
91 4
91 48
91 53
91 96
91 139
91 110
92 12
92 12
92 126
92 32
92 194
92 62
92 173
92 173
92 96
92 102
92 127
92 48
92 19
92 11
92 103
92 185
92 130
92 81
92 30
92 36
92 118
92 75
92 35
92 138
92 142
92 120
92 120
92 181
92 48
92 155
92 10
92 96
92 67
92 6
92 195
92 71
92 97
92 50
92 15
92 128
92 107
92 119
92 4
92 31
92 118
92 24
92 160
92 144
92 59
92 155
93 146
93 73
93 121
93 21
93 143
93 111
93 108
93 179
93 185
93 21
93 175
93 137
93 156
93 9
93 92
93 153
93 142
93 31
93 49
93 54
93 106
93 44
93 3
93 102
93 129
93 101
93 119
93 45
93 12
93 89
93 58
93 160
93 98
93 116
93 161
93 17
93 197
93 33
93 157
93 69
93 113
94 183
94 109
94 65
94 116
94 10
94 190
94 153
94 14
94 74
94 53
94 27
94 143
94 13
94 113
94 190
94 164
94 172
94 193
94 99
94 157
94 186
94 16
94 53
94 195
94 197
94 77
94 43
94 67
94 11
94 194
94 63
94 54
94 40
94 166
94 137
94 30
94 153
94 77
94 50
94 137
94 122
94 2
94 100
94 147
95 191
95 118
95 155
95 114
95 127
95 116
95 43
95 97
95 125
95 13
95 59
95 136
95 4
95 49
95 162
95 180
95 160
95 42
95 177
95 115
95 189
95 133
95 134
95 140
95 171
95 198
95 17
95 72
95 54
95 99
95 40
95 143
95 49
95 12
96 121
96 162
96 32
96 51
96 59
96 157
96 22
96 22
96 104
96 43
96 109
96 189
96 67
96 43
96 68
96 106
96 94
96 111
96 50
96 108
96 91
96 84
96 193
96 124
96 3
96 175
96 148
96 165
96 29
96 154
96 19
96 185
97 27
97 186
97 150
97 33
97 121
97 171
97 123
97 84
97 91
97 89
97 61
97 31
97 50
97 134
97 92
97 139
97 166
97 123
97 176
97 64
97 67
97 78
97 39
97 52
97 52
97 131
97 148
97 55
97 139
97 147
97 20
97 138
97 51
97 112
97 124
97 187
97 180
97 31
97 34
97 41
97 40
97 65
97 76
97 164
97 91
98 58
98 107
98 181
98 67
98 67
98 54
98 161
98 92
98 72
98 161
98 58
98 134
98 175
98 113
98 45
98 22
98 29
98 50
98 87
98 101
98 198
98 3
98 190
98 91
98 5
98 111
98 77
98 180
98 177
98 120
98 4
98 165
98 157
98 91
98 116
98 157
98 126
98 156
98 77
98 115
98 17
98 184
98 124
98 101
98 90
98 0
98 46
98 103
98 199
98 68
99 4
99 101
99 62
99 194
99 19
99 71
99 123
99 66
99 122
99 184
99 108
99 32
99 15
99 11
99 113
99 104
99 169
99 52
99 37
99 36
99 40
99 9
99 30
99 121
99 67
99 156
99 103
99 47
99 149
99 51
99 25
99 144
99 50
99 173
99 9
99 56
99 95
100 30
100 192
100 104
100 169
100 157
100 2
100 90
100 89
100 49
100 111
100 144
100 171
100 147
100 86
100 137
100 176
100 18
100 155
100 3
100 89
100 2
100 43
100 96
100 56
100 155
100 48
100 103
100 193
100 145
100 174
100 35
100 169
100 80
100 53
100 52
100 142
100 86
100 176
100 58
100 157
100 18
100 173
100 72
100 86
100 148
101 154
101 38
101 96
101 50
101 168
101 60
101 42
101 38
101 35
101 83
101 146
101 39
101 52
101 111
101 164
101 49
101 27
101 56
101 105
101 39
101 128
101 16
101 30
101 193
101 128
101 90
101 127
101 72
101 69
101 116
101 70
101 12
101 1
101 167
101 191
101 81
101 172
101 23
101 189
101 166
101 105
101 173
101 22
101 33
101 135
102 47
102 76
102 9
102 37
102 193
102 6
102 110
102 142
102 178
102 111
102 136
102 193
102 125
102 30
102 174
102 188
102 170
102 20
102 132
102 111
102 171
102 4
102 174
102 50
102 84
102 83
102 15
102 115
102 186
102 119
102 0
102 116
102 108
102 150
102 88
102 119
102 139
103 91
103 136
103 183
103 132
103 153
103 198
103 96
103 179
103 129
103 129
103 158
103 189
103 70
103 27
103 198
103 48
103 4
103 122
103 32
103 139
103 154
103 92
103 114
103 36
103 40
103 158
103 197
103 9
103 59
103 198
103 148
103 125
103 22
103 160
104 61
104 170
104 117
104 121
104 12
104 117
104 19
104 25
104 111
104 102
104 126
104 62
104 164
104 83
104 140
104 101
104 59
104 141
104 87
104 108
104 85
104 19
104 146
104 98
104 68
104 106
104 11
104 61
104 59
104 109
104 94
104 186
104 34
105 115
105 63
105 137
105 45
105 177
105 141
105 63
105 94
105 12
105 69
105 44
105 79
105 66
105 69
105 10
105 124
105 53
105 184
105 27
105 177
105 147
105 37
105 181
105 53
105 75
105 132
105 175
105 34
105 122
105 18
105 63
105 62
105 173
105 194
105 20
105 28
105 61
106 117
106 190
106 14
106 55
106 134
106 28
106 74
106 32
106 141
106 104
106 190
106 19
106 151
106 130
106 46
106 7
106 24
106 75
106 109
106 189
106 105
106 136
106 44
106 7
106 144
106 9
106 51
106 136
106 165
106 117
106 21
106 96
106 4
106 58
106 192
106 42
106 126
106 41
106 127
106 138
107 21
107 193
107 6
107 94
107 171
107 77
107 186
107 51
107 48
107 137
107 185
107 29
107 176
107 187
107 183
107 105
107 119
107 144
107 179
107 32
107 41
107 116
107 90
107 62
107 166
107 141
107 106
107 194
107 26
107 125
107 13
107 35
107 84
107 194
107 26
107 39
107 112
107 51
107 62
107 155
107 190
107 126
107 46
107 23
107 26
107 152
107 54
107 9
108 157
108 159
108 140
108 17
108 72
108 14
108 146
108 65
108 168
108 84
108 41
108 179
108 109
108 88
108 186
108 120
108 82
108 147
108 10
108 119
108 100
108 28
108 11
108 106
108 31
108 62
108 129
108 68
108 98
108 92
108 159
108 182
108 164
108 18
108 15
108 58
108 166
108 87
108 123
108 143
108 50
108 3
108 115
108 120
108 21
108 17
108 138
109 189
109 147
109 18
109 171
109 199
109 185
109 14
109 91
109 165
109 168
109 190
109 121
109 110
109 133
109 4
109 76
109 30
109 29
109 69
109 116
109 121
109 131
109 7
109 79
109 160
109 123
109 10
109 31
109 192
109 142
109 7
109 197
109 145
109 108
109 27
109 41
109 155
110 5
110 184
110 195
110 185
110 42
110 128
110 138
110 166
110 149
110 170
110 101
110 40
110 160
110 1
110 71
110 5
110 165
110 2
110 139
110 146
110 26
110 178
110 77
110 70
110 188
110 131
110 194
110 149
110 50
110 35
110 183
110 133
110 107
110 75
110 30
111 171
111 12
111 61
111 156
111 195
111 75
111 165
111 129
111 152
111 72
111 54
111 172
111 30
111 7
111 73
111 95
111 90
111 19
111 165
111 183
111 30
111 67
111 73
111 173
111 31
111 127
111 173
111 162
111 59
111 118
111 19
111 134
111 108
111 79
111 189
111 86
111 27
112 26
112 102
112 189
112 195
112 26
112 73
112 159
112 173
112 124
112 60
112 51
112 185
112 140
112 85
112 24
112 96
112 189
112 4
112 143
112 139
112 28
112 130
112 156
112 6
112 158
112 39
112 153
112 19
112 64
112 17
112 103
112 129
113 44
113 138
113 26
113 164
113 20
113 68
113 51
113 161
113 151
113 122
113 117
113 198
113 26
113 173
113 38
113 19
113 105
113 97
113 46
113 83
113 79
113 27
113 199
113 116
113 183
113 156
113 87
113 30
113 109
113 28
113 35
113 72
113 25
113 142
113 151
113 197
113 130
113 163
113 29
113 51
114 179
114 9
114 29
114 21
114 101
114 23
114 87
114 149
114 64
114 107
114 34
114 68
114 32
114 78
114 166
114 116
114 17
114 24
114 162
114 75
114 149
114 20
114 186
114 111
114 75
114 123
114 98
114 119
114 35
114 171
114 55
114 196
114 49
114 13
114 195
114 70
114 36
114 110
114 39
114 122
114 24
114 60
114 41
115 48
115 191
115 12
115 135
115 159
115 26
115 83
115 84
115 22
115 108
115 17
115 83
115 194
115 134
115 154
115 32
115 43
115 90
115 38
115 171
115 13
115 158
115 151
115 133
115 11
115 63
115 4
115 151
115 106
115 64
115 85
115 147
115 156
115 104
115 55
115 121
115 177
115 170
115 130
115 44
115 47
115 20
115 198
116 4
116 18
116 186
116 104
116 100
116 6
116 86
116 14
116 160
116 40
116 31
116 12
116 152
116 38
116 76
116 48
116 77
116 1
116 189
116 104
116 194
116 50
116 13
116 163
116 165
116 118
116 50
116 159
116 132
116 183
116 61
116 193
116 120
116 31
116 91
116 148
116 21
116 115
116 79
116 73
116 152
116 86
116 40
117 89
117 93
117 71
117 186
117 76
117 62
117 102
117 183
117 142
117 178
117 92
117 124
117 48
117 171
117 7
117 55
117 62
117 157
117 195
117 88
117 165
117 164
117 186
117 182
117 159
117 126
117 93
117 114
117 198
117 163
117 47
117 197
117 174
117 18
117 181
118 169
118 113
118 196
118 130
118 114
118 125
118 71
118 178
118 165
118 97
118 68
118 177
118 185
118 42
118 175
118 27
118 124
118 135
118 108
118 189
118 5
118 135
118 190
118 134
118 10
118 117
118 93
118 169
118 5
118 0
118 166
118 57
118 173
118 119
118 103
118 100
118 140
118 75
118 26
118 8
118 128
118 37
118 167
118 120
118 85
118 61
118 93
119 80
119 153
119 102
119 3
119 99
119 77
119 122
119 9
119 6
119 89
119 170
119 164
119 153
119 134
119 155
119 127
119 70
119 189
119 183
119 67
119 113
119 141
119 141
119 104
119 134
119 1
119 174
119 54
119 144
119 74
119 134
119 26
119 138
119 123
119 47
119 1
119 35
119 124
119 106
119 30
119 53
119 143
119 40
119 175
119 65
119 118
119 26
119 129
120 58
120 6
120 49
120 71
120 40
120 96
120 130
120 15
120 145
120 82
120 14
120 46
120 118
120 158
120 34
120 74
120 179
120 78
120 32
120 165
120 96
120 132
120 181
120 53
120 148
120 160
120 115
120 185
120 93
120 63
120 149
120 130
120 119
120 133
121 153
121 195
121 196
121 0
121 22
121 134
121 133
121 153
121 95
121 122
121 100
121 170
121 48
121 143
121 58
121 102
121 15
121 141
121 15
121 97
121 86
121 136
121 131
121 12
121 166
121 90
121 169
121 89
121 170
121 199
121 117
121 168
121 6
122 25
122 79
122 128
122 184
122 81
122 97
122 172
122 180
122 118
122 20
122 93
122 82
122 95
122 136
122 103
122 150
122 136
122 159
122 46
122 145
122 50
122 125
122 146
122 167
122 3
122 100
122 21
122 14
122 127
122 152
122 135
122 155
122 181
122 182
122 137
122 82
122 66
122 5
122 85
122 126
122 71
122 197
122 176
122 89
122 91
123 56
123 37
123 176
123 77
123 162
123 157
123 3
123 37
123 24
123 22
123 185
123 28
123 113
123 127
123 129
123 196
123 166
123 142
123 185
123 92
123 52
123 22
123 39
123 63
123 113
123 86
123 1
123 1
123 116
123 107
123 143
123 189
123 173
123 185
123 41
124 5
124 11
124 145
124 16
124 12
124 36
124 198
124 132
124 66
124 55
124 115
124 195
124 199
124 197
124 71
124 178
124 26
124 199
124 52
124 47
124 128
124 133
124 55
124 159
124 49
124 23
124 163
124 186
124 30
124 70
124 188
124 132
124 180
124 88
124 88
124 30
124 73
124 68
125 151
125 85
125 41
125 172
125 68
125 113
125 77
125 133
125 21
125 164
125 56
125 181
125 54
125 77
125 29
125 101
125 137
125 109
125 126
125 183
125 93
125 120
125 89
125 38
125 85
125 140
125 14
125 110
125 160
125 187
125 194
125 44
125 64
125 33
125 146
125 57
125 181
125 20
125 192
126 62
126 159
126 128
126 191
126 34
126 27
126 27
126 125
126 199
126 166
126 71
126 55
126 83
126 119
126 6
126 108
126 76
126 7
126 135
126 165
126 110
126 144
126 182
126 91
126 198
126 67
126 0
126 156
126 44
126 197
126 72
126 78
126 167
126 3
126 156
127 161
127 183
127 162
127 171
127 179
127 31
127 48
127 110
127 101
127 24
127 153
127 42
127 168
127 88
127 64
127 46
127 76
127 139
127 114
127 122
127 36
127 142
127 69
127 35
127 166
127 115
127 105
127 120
127 81
127 29
127 187
127 134
127 27
127 192
127 75
127 15
128 166
128 105
128 47
128 174
128 99
128 153
128 46
128 155
128 19
128 90
128 79
128 115
128 36
128 144
128 183
128 65
128 169
128 92
128 7
128 24
128 1
128 174
128 175
128 59
128 50
128 73
128 64
128 111
128 140
128 68
128 180
128 97
128 193
128 2
128 185
128 133
128 8
128 97
128 156
128 84
128 27
128 167
128 19
128 160
128 100
128 192
128 115
128 25
128 37
129 111
129 123
129 30
129 74
129 152
129 137
129 130
129 50
129 110
129 199
129 6
129 133
129 42
129 137
129 77
129 146
129 198
129 175
129 56
129 83
129 14
129 175
129 81
129 109
129 10
129 180
129 34
129 28
129 42
129 2
129 62
129 3
129 149
129 92
129 81
129 93
129 115
129 161
129 82
130 119
130 37
130 15
130 35
130 51
130 60
130 187
130 27
130 154
130 81
130 79
130 61
130 148
130 53
130 163
130 7
130 171
130 198
130 7
130 188
130 89
130 90
130 72
130 162
130 115
130 19
130 134
130 72
130 192
130 168
130 76
130 23
130 113
130 142
130 39
130 162
130 159
130 160
130 94
130 45
131 53
131 32
131 173
131 104
131 186
131 13
131 89
131 143
131 156
131 54
131 129
131 39
131 155
131 179
131 149
131 140
131 142
131 124
131 51
131 138
131 123
131 196
131 62
131 85
131 5
131 168
131 128
131 151
131 158
131 14
131 171
131 27
131 93
131 184
131 162
131 176
131 43
131 115
131 121
131 111
132 16
132 180
132 60
132 148
132 184
132 93
132 166
132 86
132 164
132 94
132 137
132 156
132 151
132 63
132 163
132 176
132 80
132 70
132 192
132 174
132 93
132 49
132 12
132 126
132 143
132 89
132 121
132 25
132 139
132 28
132 174
132 57
132 33
132 150
132 64
132 145
132 89
132 122
132 50
132 7
133 82
133 145
133 89
133 196
133 62
133 62
133 187
133 185
133 17
133 172
133 72
133 106
133 0
133 72
133 75
133 157
133 39
133 83
133 128
133 39
133 145
133 104
133 79
133 193
133 163
133 190
133 0
133 3
133 85
133 90
133 187
133 128
133 111
133 99
133 183
133 22
133 18
133 101
133 42
133 33
133 56
133 68
133 65
133 39
133 129
133 105
133 148
133 79
133 33
133 79
134 112
134 68
134 109
134 155
134 101
134 118
134 88
134 59
134 171
134 145
134 102
134 72
134 144
134 153
134 65
134 157
134 16
134 83
134 33
134 150
134 0
134 141
134 13
134 15
134 111
134 95
134 87
134 42
134 177
134 13
134 2
134 26
134 30
134 183
134 184
134 54
134 7
134 28
134 30
135 29
135 181
135 62
135 148
135 113
135 105
135 61
135 133
135 132
135 193
135 14
135 93
135 129
135 12
135 38
135 51
135 11
135 117
135 23
135 128
135 20
135 24
135 67
135 69
135 77
135 82
135 85
135 157
135 18
135 71
135 94
135 115
135 52
135 77
135 156
135 53
135 79
135 23
135 104
135 48
135 95
135 172
135 110
135 178
135 125
136 111
136 75
136 90
136 193
136 39
136 152
136 102
136 73
136 9
136 70
136 166
136 168
136 179
136 52
136 43
136 116
136 94
136 103
136 79
136 113
136 126
136 173
136 139
136 42
136 85
136 110
136 158
136 75
136 32
136 30
136 77
136 129
136 100
136 191
136 152
136 170
136 109
136 162
136 33
136 38
136 199
136 133
136 134
136 157
136 20
137 172
137 160
137 129
137 170
137 72
137 80
137 135
137 190
137 198
137 82
137 127
137 108
137 20
137 10
137 104
137 25
137 178
137 116
137 69
137 51
137 13
137 41
137 153
137 122
137 84
137 199
137 140
137 128
137 84
137 129
137 107
137 147
137 159
137 122
137 53
137 168
137 148
137 175
137 111
137 171
137 67
137 162
137 66
137 149
138 87
138 159
138 72
138 35
138 62
138 20
138 189
138 115
138 14
138 67
138 133
138 37
138 195
138 25
138 190
138 38
138 121
138 194
138 17
138 18
138 176
138 53
138 35
138 179
138 187
138 74
138 94
138 23
138 194
138 193
138 78
138 102
138 37
138 130
138 128
138 137
138 20
138 111
138 144
138 191
138 187
138 48
138 151
139 191
139 62
139 103
139 144
139 135
139 42
139 191
139 175
139 112
139 184
139 199
139 190
139 185
139 137
139 83
139 135
139 157
139 123
139 16
139 181
139 15
139 36
139 87
139 191
139 121
139 137
139 48
139 31
139 56
139 31
139 89
139 101
139 192
139 22
139 64
139 145
139 76
139 100
139 61
139 58
139 103
139 95
139 125
139 3
139 162
139 32
139 153
139 157
140 134
140 96
140 150
140 57
140 181
140 38
140 65
140 88
140 115
140 138
140 178
140 185
140 69
140 176
140 63
140 119
140 8
140 60
140 181
140 172
140 194
140 59
140 76
140 114
140 15
140 176
140 16
140 90
140 29
140 43
140 80
140 196
140 162
140 12
140 45
140 150
141 63
141 189
141 34
141 37
141 167
141 129
141 2
141 67
141 77
141 0
141 139
141 51
141 106
141 151
141 50
141 1
141 92
141 137
141 125
141 160
141 166
141 80
141 40
141 78
141 159
141 191
141 170
141 37
141 30
141 88
141 140
141 90
141 167
141 133
141 103
142 50
142 63
142 16
142 75
142 135
142 39
142 14
142 152
142 99
142 53
142 183
142 64
142 6
142 91
142 143
142 151
142 181
142 155
142 153
142 177
142 2
142 12
142 15
142 144
142 169
142 81
142 156
142 100
142 64
142 148
142 122
142 19
142 151
142 65
143 129
143 144
143 10
143 50
143 13
143 9
143 106
143 183
143 156
143 164
143 67
143 57
143 40
143 169
143 168
143 27
143 182
143 140
143 185
143 188
143 51
143 199
143 157
143 22
143 79
143 189
143 23
143 11
143 175
143 7
143 121
143 92
143 32
143 43
143 185
143 50
143 57
143 76
143 67
143 55
143 34
143 80
144 118
144 113
144 178
144 133
144 138
144 151
144 150
144 32
144 132
144 3
144 136
144 96
144 105
144 195
144 44
144 154
144 51
144 84
144 6
144 79
144 121
144 56
144 123
144 95
144 69
144 64
144 169
144 139
144 131
144 36
144 100
144 140
144 18
144 180
144 21
144 52
145 162
145 174
145 18
145 163
145 107
145 35
145 43
145 88
145 194
145 139
145 54
145 69
145 59
145 178
145 167
145 181
145 146
145 36
145 32
145 167
145 191
145 177
145 194
145 162
145 160
145 85
145 62
145 133
145 65
145 166
145 110
145 156
145 33
146 12
146 148
146 128
146 168
146 130
146 167
146 98
146 73
146 191
146 67
146 19
146 131
146 7
146 48
146 181
146 124
146 95
146 75
146 164
146 58
146 160
146 107
146 87
146 147
146 186
146 28
146 22
146 174
146 5
146 94
146 114
146 1
146 96
146 187
146 130
146 45
146 53
146 55
147 153
147 94
147 151
147 192
147 32
147 111
147 47
147 123
147 117
147 65
147 157
147 159
147 180
147 60
147 146
147 176
147 92
147 75
147 28
147 114
147 99
147 86
147 145
147 196
147 102
147 139
147 70
147 192
147 153
147 78
147 189
147 197
147 57
147 198
147 184
147 122
147 71
147 57
148 54
148 47
148 83
148 64
148 120
148 136
148 94
148 25
148 158
148 170
148 95
148 30
148 143
148 116
148 6
148 43
148 90
148 140
148 121
148 174
148 131
148 9
148 186
148 189
148 95
148 54
148 131
148 58
148 181
148 31
148 66
148 126
148 26
148 2
148 177
148 150
148 32
149 4
149 22
149 32
149 88
149 16
149 109
149 166
149 85
149 22
149 184
149 106
149 185
149 118
149 162
149 160
149 32
149 100
149 95
149 121
149 100
149 182
149 61
149 170
149 112
149 3
149 123
149 17
149 98
149 89
149 183
149 110
149 160
149 15
149 58
149 119
149 113
149 47
149 114
149 66
149 177
149 196
149 124
149 62
149 16
149 26
150 5
150 121
150 25
150 151
150 117
150 162
150 196
150 141
150 149
150 166
150 171
150 58
150 94
150 5
150 14
150 148
150 9
150 9
150 106
150 3
150 93
150 5
150 88
150 176
150 49
150 35
150 104
150 79
150 149
150 121
150 83
150 190
150 41
150 39
150 166
150 197
150 52
150 163
150 87
150 139
150 107
150 87
150 61
150 184
150 169
150 1
150 101
150 7
151 58
151 142
151 1
151 1
151 91
151 197
151 8
151 24
151 0
151 17
151 164
151 159
151 111
151 75
151 56
151 125
151 58
151 68
151 110
151 77
151 10
151 66
151 128
151 38
151 99
151 108
151 181
151 147
151 57
151 16
151 126
151 196
151 194
151 56
151 64
151 179
152 18
152 38
152 133
152 11
152 89
152 77
152 115
152 134
152 139
152 132
152 61
152 170
152 120
152 70
152 110
152 124
152 113
152 122
152 10
152 54
152 69
152 12
152 11
152 187
152 78
152 67
152 104
152 16
152 45
152 27
152 26
152 113
152 94
152 151
152 62
152 159
152 19
152 83
152 83
152 105
152 65
152 186
152 10
152 147
152 192
152 174
152 8
152 51
153 82
153 102
153 169
153 110
153 135
153 108
153 79
153 108
153 88
153 167
153 27
153 7
153 26
153 40
153 175
153 182
153 26
153 88
153 48
153 12
153 146
153 159
153 24
153 92
153 38
153 47
153 26
153 187
153 51
153 182
153 56
153 103
153 180
153 118
153 49
153 95
153 101
153 138
153 71
153 127
153 145
153 22
154 61
154 135
154 57
154 21
154 122
154 170
154 121
154 168
154 105
154 144
154 112
154 90
154 130
154 16
154 7
154 20
154 129
154 140
154 187
154 72
154 132
154 33
154 6
154 72
154 132
154 68
154 155
154 177
154 167
154 6
154 101
154 138
155 39
155 104
155 109
155 65
155 17
155 156
155 166
155 144
155 181
155 96
155 48
155 177
155 89
155 165
155 83
155 56
155 69
155 188
155 7
155 66
155 180
155 63
155 141
155 0
155 34
155 106
155 80
155 46
155 91
155 104
155 181
155 117
155 131
155 52
155 83
155 91
156 131
156 176
156 53
156 118
156 163
156 190
156 6
156 8
156 194
156 169
156 171
156 175
156 142
156 165
156 77
156 109
156 138
156 168
156 11
156 7
156 129
156 143
156 114
156 103
156 46
156 175
156 45
156 114
156 80
156 104
156 87
156 149
156 9
156 124
156 62
156 98
156 134
156 192
156 41
156 71
156 105
156 13
156 63
156 138
156 61
156 135
156 22
156 193
157 105
157 4
157 179
157 56
157 30
157 54
157 62
157 84
157 100
157 5
157 101
157 128
157 98
157 171
157 149
157 172
157 66
157 114
157 182
157 7
157 72
157 24
157 143
157 23
157 60
157 113
157 178
157 171
157 72
157 17
157 70
157 144
157 173
157 91
157 103
157 194
157 123
157 197
157 50
157 195
157 26
158 113
158 74
158 153
158 5
158 196
158 194
158 181
158 34
158 83
158 89
158 142
158 11
158 125
158 25
158 3
158 135
158 25
158 146
158 133
158 121
158 58
158 45
158 40
158 93
158 47
158 137
158 47
158 140
158 199
158 131
158 50
158 182
158 92
158 15
159 171
159 25
159 64
159 60
159 136
159 65
159 48
159 175
159 86
159 43
159 69
159 149
159 198
159 156
159 25
159 55
159 141
159 70
159 163
159 17
159 100
159 1
159 66
159 179
159 145
159 196
159 193
159 149
159 63
159 52
159 2
159 166
160 2
160 29
160 141
160 170
160 41
160 75
160 13
160 24
160 66
160 173
160 20
160 15
160 61
160 61
160 120
160 134
160 44
160 168
160 63
160 195
160 1
160 195
160 51
160 177
160 114
160 62
160 105
160 42
160 92
160 32
160 13
160 79
160 1
160 21
160 84
160 53
160 97
160 146
160 124
160 134
160 163
160 24
160 53
160 90
160 175
160 111
160 119
160 95
160 138
160 164
161 150
161 70
161 67
161 153
161 194
161 80
161 104
161 102
161 196
161 4
161 124
161 61
161 105
161 175
161 2
161 88
161 82
161 116
161 105
161 174
161 79
161 102
161 170
161 192
161 109
161 195
161 168
161 148
161 154
161 123
161 146
161 78
161 140
161 16
161 90
161 13
161 10
161 35
162 80
162 48
162 45
162 89
162 20
162 113
162 4
162 159
162 120
162 187
162 165
162 59
162 118
162 167
162 180
162 45
162 105
162 52
162 13
162 133
162 82
162 112
162 47
162 111
162 35
162 16
162 10
162 131
162 12
162 90
162 16
162 48
162 152
162 29
162 186
162 70
162 105
162 132
162 183
163 88
163 194
163 191
163 149
163 153
163 147
163 192
163 42
163 77
163 168
163 11
163 135
163 175
163 186
163 195
163 130
163 155
163 91
163 41
163 166
163 137
163 51
163 54
163 64
163 76
163 161
163 56
163 2
163 151
163 10
163 16
163 99
163 81
163 86
163 180
163 35
163 154
163 113
163 177
163 150
163 40
163 149
163 15
163 102
163 194
163 41
164 58
164 112
164 89
164 39
164 85
164 69
164 118
164 81
164 153
164 123
164 186
164 114
164 148
164 57
164 119
164 157
164 52
164 93
164 85
164 27
164 181
164 64
164 77
164 51
164 159
164 62
164 74
164 92
164 99
164 162
164 47
164 21
164 90
164 0
164 78
164 16
164 119
164 113
164 124
164 60
164 85
164 107
164 153
164 68
164 112
164 85
164 157
165 109
165 7
165 131
165 89
165 16
165 164
165 13
165 16
165 162
165 179
165 71
165 51
165 2
165 1
165 195
165 5
165 72
165 120
165 68
165 51
165 193
165 173
165 147
165 12
165 108
165 124
165 160
165 110
165 65
165 174
165 28
165 98
165 153
165 61
165 198
165 190
165 64
165 84
165 150
165 15
165 115
165 35
165 105
165 47
165 4
165 6
165 178
165 40
166 134
166 174
166 75
166 199
166 47
166 199
166 54
166 141
166 34
166 91
166 188
166 58
166 117
166 60
166 126
166 136
166 144
166 193
166 144
166 103
166 94
166 171
166 26
166 186
166 6
166 79
166 89
166 68
166 154
166 61
166 96
166 159
166 1
166 93
166 131
166 107
166 83
166 190
166 172
167 119
167 119
167 180
167 34
167 7
167 37
167 122
167 49
167 183
167 198
167 18
167 175
167 131
167 86
167 73
167 135
167 82
167 156
167 65
167 149
167 32
167 97
167 120
167 104
167 181
167 41
167 188
167 25
167 145
167 6
167 150
167 171
167 0
167 138
167 30
167 120
167 186
167 131
167 122
167 91
167 77
167 27
167 73
167 197
167 174
168 77
168 52
168 7
168 116
168 164
168 48
168 67
168 192
168 179
168 160
168 142
168 176
168 163
168 155
168 183
168 109
168 143
168 106
168 180
168 126
168 42
168 50
168 118
168 90
168 124
168 60
168 5
168 40
168 136
168 153
168 15
168 195
168 2
168 20
168 160
168 35
168 16
168 133
168 191
168 11
168 5
168 24
168 197
168 144
168 27
168 35
168 94
168 111
168 117
168 180
169 158
169 24
169 88
169 191
169 88
169 185
169 152
169 54
169 88
169 184
169 61
169 96
169 137
169 0
169 38
169 104
169 34
169 32
169 74
169 188
169 94
169 46
169 137
169 13
169 151
169 114
169 23
169 177
169 114
169 165
169 106
169 123
169 154
170 11
170 171
170 57
170 57
170 189
170 70
170 123
170 73
170 57
170 22
170 36
170 84
170 152
170 52
170 184
170 133
170 73
170 122
170 54
170 159
170 104
170 51
170 59
170 112
170 43
170 133
170 99
170 126
170 114
170 194
170 28
170 99
170 59
170 149
170 52
170 15
170 141
171 102
171 166
171 130
171 44
171 16
171 166
171 75
171 84
171 92
171 87
171 194
171 192
171 122
171 165
171 70
171 18
171 58
171 136
171 19
171 132
171 108
171 146
171 35
171 1
171 150
171 80
171 17
171 69
171 45
171 179
171 143
171 170
171 1
171 181
171 90
171 197
171 66
171 85
171 13
171 109
171 189
171 191
171 141
171 66
171 190
171 107
172 24
172 41
172 43
172 30
172 20
172 177
172 41
172 102
172 146
172 146
172 122
172 131
172 193
172 120
172 155
172 3
172 89
172 156
172 130
172 117
172 182
172 48
172 129
172 167
172 43
172 70
172 155
172 134
172 118
172 88
172 43
172 98
172 167
172 177
172 90
172 1
172 126
172 72
172 10
172 97
172 73
172 129
172 55
173 78
173 81
173 193
173 94
173 182
173 187
173 25
173 110
173 152
173 53
173 164
173 146
173 158
173 110
173 100
173 190
173 36
173 179
173 112
173 91
173 194
173 154
173 97
173 58
173 65
173 171
173 85
173 106
173 93
173 82
173 199
173 113
173 103
173 103
173 120
173 131
173 100
173 121
173 110
173 141
173 130
173 187
173 27
173 36
173 150
173 185
174 74
174 139
174 135
174 83
174 154
174 9
174 95
174 74
174 86
174 14
174 70
174 141
174 184
174 176
174 98
174 74
174 17
174 190
174 104
174 35
174 113
174 108
174 57
174 46
174 194
174 3
174 32
174 82
174 195
174 146
174 129
174 116
174 59
174 37
174 164
174 0
174 70
174 90
174 127
174 146
174 142
174 57
174 100
174 167
174 78
174 152
174 19
174 79
174 12
174 129
175 179
175 119
175 106
175 137
175 3
175 16
175 125
175 196
175 190
175 162
175 114
175 172
175 126
175 7
175 110
175 72
175 62
175 150
175 198
175 170
175 138
175 76
175 14
175 0
175 64
175 78
175 152
175 61
175 80
175 31
175 167
175 122
175 150
175 38
175 22
175 160
175 149
175 0
176 120
176 72
176 12
176 188
176 161
176 11
176 162
176 99
176 24
176 195
176 171
176 172
176 173
176 33
176 21
176 74
176 33
176 180
176 106
176 68
176 140
176 186
176 187
176 34
176 175
176 116
176 96
176 0
176 8
176 82
176 47
176 40
176 177
176 34
176 41
177 192
177 40
177 50
177 89
177 134
177 187
177 75
177 44
177 101
177 94
177 84
177 81
177 92
177 167
177 27
177 132
177 106
177 150
177 89
177 55
177 186
177 17
177 79
177 183
177 87
177 145
177 49
177 197
177 124
177 95
177 36
177 147
177 81
177 24
177 25
177 142
177 173
177 96
177 131
177 125
177 31
177 179
178 120
178 78
178 122
178 51
178 195
178 90
178 136
178 81
178 12
178 58
178 186
178 108
178 12
178 118
178 110
178 176
178 96
178 20
178 19
178 172
178 120
178 22
178 142
178 152
178 124
178 17
178 33
178 141
178 182
178 132
178 192
178 144
178 103
178 55
178 88
178 130
178 103
178 38
178 96
178 89
178 27
178 153
178 53
178 125
178 93
178 134
178 28
178 92
178 101
178 96
179 197
179 143
179 172
179 71
179 77
179 126
179 146
179 21
179 26
179 52
179 13
179 64
179 192
179 11
179 129
179 199
179 6
179 25
179 109
179 60
179 172
179 105
179 15
179 49
179 91
179 77
179 70
179 8
179 24
179 159
179 186
179 47
179 18
179 166
179 134
179 149
179 84
179 50
179 118
179 71
179 155
179 1
179 199
179 54
179 119
179 160
179 58
180 149
180 185
180 143
180 152
180 33
180 111
180 6
180 114
180 30
180 111
180 36
180 112
180 152
180 29
180 0
180 170
180 68
180 157
180 63
180 61
180 156
180 0
180 29
180 157
180 139
180 154
180 153
180 174
180 68
180 91
180 40
180 192
180 156
180 87
180 141
180 28
180 41
180 184
180 34
180 1
180 28
180 94
180 109
180 99
180 130
180 93
180 128
180 68
181 118
181 85
181 4
181 25
181 77
181 85
181 7
181 189
181 147
181 179
181 63
181 152
181 66
181 50
181 124
181 198
181 93
181 26
181 37
181 127
181 41
181 198
181 63
181 39
181 145
181 110
181 63
181 171
181 44
181 14
181 127
181 45
181 151
181 1
181 48
181 79
181 70
181 54
181 68
181 108
181 117
181 157
181 129
181 97
181 198
182 13
182 114
182 89
182 115
182 128
182 177
182 16
182 178
182 152
182 118
182 58
182 23
182 84
182 2
182 122
182 157
182 6
182 81
182 17
182 198
182 8
182 129
182 60
182 11
182 170
182 172
182 193
182 170
182 168
182 92
182 145
182 61
182 173
182 198
182 47
183 166
183 133
183 42
183 68
183 155
183 153
183 146
183 0
183 71
183 18
183 91
183 46
183 176
183 26
183 60
183 102
183 109
183 145
183 91
183 51
183 81
183 174
183 158
183 169
183 168
183 98
183 185
183 71
183 3
183 45
183 159
183 104
183 143
183 49
183 115
183 151
183 42
183 174
183 35
183 6
183 129
183 52
183 131
184 33
184 178
184 145
184 48
184 124
184 128
184 69
184 182
184 85
184 9
184 75
184 179
184 129
184 12
184 125
184 133
184 16
184 73
184 63
184 127
184 63
184 102
184 62
184 190
184 154
184 150
184 69
184 81
184 157
184 198
184 187
184 112
184 187
184 174
184 124
184 164
184 137
184 180
184 187
184 107
184 162
184 186
184 2
184 89
184 194
184 62
184 5
184 50
184 29
184 33
185 190
185 79
185 117
185 84
185 139
185 178
185 139
185 31
185 106
185 61
185 8
185 48
185 51
185 52
185 4
185 138
185 98
185 159
185 133
185 5
185 16
185 180
185 87
185 6
185 149
185 7
185 189
185 150
185 113
185 197
185 28
185 48
185 88
185 195
185 162
185 122
185 163
185 189
185 101
185 31
185 93
185 41
185 103
186 192
186 0
186 86
186 197
186 185
186 157
186 168
186 26
186 145
186 140
186 101
186 162
186 94
186 48
186 104
186 103
186 162
186 104
186 122
186 140
186 117
186 75
186 28
186 134
186 49
186 172
186 13
186 136
186 92
186 84
186 3
186 133
186 107
187 183
187 73
187 22
187 144
187 17
187 131
187 160
187 97
187 112
187 131
187 191
187 103
187 97
187 173
187 196
187 50
187 162
187 34
187 74
187 92
187 10
187 8
187 129
187 96
187 126
187 124
187 13
187 109
187 63
187 146
187 144
187 156
188 49
188 166
188 16
188 56
188 162
188 180
188 89
188 189
188 60
188 5
188 177
188 130
188 121
188 109
188 11
188 121
188 78
188 136
188 1
188 148
188 22
188 85
188 127
188 64
188 186
188 154
188 95
188 7
188 42
188 39
188 140
188 39
188 68
188 157
188 190
188 154
188 181
188 34
188 42
188 110
188 198
189 195
189 39
189 160
189 187
189 96
189 25
189 60
189 92
189 116
189 53
189 197
189 20
189 77
189 162
189 193
189 185
189 11
189 141
189 183
189 58
189 193
189 137
189 117
189 169
189 105
189 89
189 106
189 79
189 99
189 20
189 168
189 51
189 5
189 65
189 7
189 125
189 37
189 60
189 47
189 51
190 39
190 78
190 197
190 180
190 27
190 174
190 26
190 113
190 105
190 64
190 123
190 61
190 131
190 29
190 188
190 44
190 69
190 158
190 149
190 179
190 60
190 81
190 170
190 156
190 14
190 99
190 151
190 42
190 54
190 166
190 158
190 126
190 97
190 28
190 106
190 62
190 17
190 119
190 121
190 48
190 6
191 147
191 77
191 55
191 109
191 111
191 116
191 89
191 78
191 173
191 66
191 75
191 108
191 66
191 162
191 27
191 165
191 175
191 38
191 83
191 34
191 170
191 11
191 186
191 18
191 18
191 91
191 194
191 23
191 121
191 11
191 141
191 167
191 100
191 172
191 85
191 91
191 41
191 102
191 1
191 168
191 111
191 19
191 33
191 34
191 183
192 21
192 160
192 108
192 9
192 20
192 54
192 21
192 66
192 70
192 18
192 114
192 21
192 181
192 94
192 29
192 77
192 22
192 46
192 81
192 174
192 185
192 77
192 168
192 60
192 9
192 21
192 56
192 75
192 31
192 45
192 154
192 33
192 86
192 90
192 188
192 127
192 152
192 75
192 71
192 59
192 195
192 193
192 188
192 12
192 177
192 149
192 183
193 112
193 131
193 8
193 105
193 121
193 159
193 130
193 32
193 57
193 142
193 35
193 67
193 66
193 120
193 125
193 100
193 90
193 51
193 102
193 87
193 58
193 32
193 105
193 145
193 54
193 39
193 194
193 84
193 174
193 5
193 143
193 8
193 84
193 81
193 189
194 121
194 4
194 73
194 50
194 99
194 91
194 67
194 113
194 117
194 10
194 73
194 67
194 51
194 35
194 98
194 185
194 118
194 168
194 101
194 98
194 54
194 2
194 101
194 180
194 94
194 143
194 125
194 30
194 61
194 139
194 144
194 59
194 55
194 62
194 161
194 144
194 78
194 153
194 91
194 108
194 137
195 27
195 86
195 45
195 20
195 131
195 90
195 45
195 160
195 143
195 180
195 20
195 61
195 90
195 26
195 10
195 10
195 106
195 187
195 163
195 45
195 116
195 130
195 22
195 40
195 16
195 83
195 55
195 186
195 183
195 102
195 153
195 158
195 40
195 61
195 189
195 55
195 4
195 156
195 53
195 129
195 70
195 117
196 125
196 186
196 154
196 112
196 23
196 151
196 136
196 172
196 165
196 1
196 56
196 103
196 32
196 33
196 141
196 56
196 66
196 155
196 155
196 101
196 15
196 137
196 35
196 52
196 88
196 181
196 21
196 77
196 38
196 119
196 190
196 24
196 197
196 128
196 121
196 4
196 85
196 65
196 172
196 88
196 139
196 34
196 52
196 80
196 78
196 136
196 147
196 187
196 16
197 158
197 81
197 178
197 173
197 18
197 169
197 39
197 39
197 102
197 65
197 1
197 47
197 183
197 78
197 130
197 171
197 67
197 110
197 65
197 105
197 184
197 151
197 121
197 58
197 62
197 130
197 68
197 30
197 69
197 146
197 42
197 55
197 198
197 175
197 72
197 108
197 43
197 172
197 128
197 31
197 19
197 187
197 171
197 43
198 161
198 128
198 196
198 77
198 64
198 149
198 156
198 4
198 88
198 47
198 89
198 96
198 143
198 193
198 149
198 113
198 1
198 183
198 12
198 96
198 2
198 118
198 32
198 10
198 168
198 87
198 166
198 60
198 163
198 5
198 132
198 14
198 196
198 188
198 14
198 130
198 126
198 63
198 87
198 21
199 156
199 52
199 91
199 69
199 3
199 95
199 58
199 137
199 93
199 121
199 172
199 31
199 82
199 29
199 112
199 103
199 41
199 37
199 114
199 80
199 192
199 42
199 11
199 120
199 5
199 128
199 29
199 101
199 73
199 142
199 63
199 156
199 142
199 35
199 44
199 141
199 161
199 115
