0 144
0 38
0 19
0 62
0 72
0 9
0 148
0 184
0 94
0 39
0 74
0 191
0 196
0 114
0 146
0 180
0 106
0 172
0 132
0 104
0 5
0 59
0 82
0 153
0 18
0 155
0 133
0 106
0 151
0 182
0 38
0 179
0 119
0 96
0 152
0 83
0 145
0 21
0 89
0 85
0 60
0 137
0 41
0 47
0 137
0 45
0 75
0 27
0 169
0 56
0 14
0 176
0 114
0 28
0 43
0 55
0 135
0 49
0 173
0 184
0 158
0 23
0 73
0 199
0 30
0 15
0 34
0 62
0 104
0 185
0 81
0 49
0 134
0 68
0 155
0 116
0 140
0 85
0 11
0 80
0 30
0 94
0 25
0 49
0 197
0 60
0 117
0 1
0 133
0 190
0 4
0 106
0 156
0 167
0 36
0 59
0 30
0 81
0 189
0 135
0 28
0 154
0 59
0 91
0 72
0 67
0 89
0 86
0 43
0 135
0 7
0 146
0 119
0 102
0 79
0 90
0 79
0 76
0 10
0 186
0 176
0 41
0 23
0 147
0 101
0 84
0 95
0 173
0 104
0 164
0 135
0 72
0 109
0 100
0 185
0 145
0 58
0 115
0 169
0 7
0 182
0 85
0 123
0 116
0 131
0 62
0 96
0 72
0 20
0 16
0 7
0 70
0 164
0 122
0 76
0 152
1 56
1 63
1 161
1 10
1 94
1 149
1 175
1 87
1 56
1 174
1 118
1 16
1 91
1 26
1 131
1 170
1 169
1 131
1 62
1 174
1 175
1 78
1 122
1 121
1 44
1 18
1 174
1 50
1 55
1 27
1 141
1 143
1 84
1 51
1 50
1 37
1 177
1 9
1 40
1 115
1 156
1 13
1 142
1 173
1 26
1 191
2 128
2 41
2 107
2 148
2 56
2 64
2 176
2 179
2 94
2 108
2 124
2 58
2 1
2 184
2 21
2 89
2 56
2 173
2 195
2 155
2 96
2 99
2 186
2 141
2 178
2 124
2 177
2 101
2 131
2 6
2 57
2 162
2 177
2 37
2 59
2 110
2 3
2 196
2 124
2 169
3 59
3 90
3 17
3 31
3 105
3 164
3 66
3 93
3 97
3 33
3 139
3 185
3 5
3 64
3 193
3 133
3 98
3 84
3 131
3 176
3 180
3 118
3 63
3 99
3 70
3 162
3 173
3 162
3 49
3 11
3 176
3 131
3 37
3 7
3 139
3 83
4 177
4 145
4 87
4 43
4 9
4 7
4 50
4 50
4 173
4 100
4 131
4 199
4 162
4 189
4 75
4 91
4 72
4 82
4 190
4 55
4 125
4 83
4 46
4 142
4 26
4 194
4 9
4 178
4 139
4 22
4 103
4 199
4 175
4 15
4 191
4 177
4 84
4 79
4 144
4 10
4 39
4 21
4 69
4 55
5 23
5 120
5 173
5 120
5 6
5 32
5 92
5 119
5 189
5 63
5 145
5 150
5 136
5 132
5 17
5 60
5 136
5 114
5 101
5 32
5 177
5 121
5 53
5 32
5 88
5 186
5 59
5 163
5 101
5 68
5 141
5 43
5 122
5 167
5 0
6 117
6 163
6 122
6 21
6 2
6 96
6 142
6 81
6 173
6 87
6 30
6 166
6 9
6 73
6 125
6 131
6 191
6 77
6 43
6 133
6 156
6 47
6 126
6 56
6 199
6 174
6 150
6 118
6 116
6 25
6 195
6 101
6 128
6 137
6 17
6 163
6 83
6 166
6 164
6 124
6 153
6 78
6 71
6 93
6 49
7 134
7 49
7 87
7 172
7 134
7 20
7 141
7 78
7 66
7 115
7 56
7 193
7 100
7 128
7 40
7 56
7 16
7 63
7 0
7 46
7 0
7 45
7 27
7 94
7 164
7 64
7 172
7 109
7 33
7 29
7 55
7 146
7 164
7 177
7 84
7 145
7 167
7 23
7 147
8 119
8 19
8 186
8 142
8 52
8 108
8 152
8 85
8 159
8 139
8 92
8 51
8 124
8 31
8 1
8 85
8 62
8 99
8 193
8 176
8 109
8 91
8 129
8 135
8 6
8 31
8 90
8 46
8 182
8 6
8 78
8 145
8 60
8 67
8 54
8 98
8 11
8 28
8 49
8 99
9 161
9 91
9 185
9 153
9 128
9 85
9 189
9 59
9 100
9 84
9 102
9 5
9 91
9 136
9 159
9 88
9 135
9 43
9 102
9 134
9 147
9 189
9 45
9 69
9 56
9 47
9 14
9 178
9 145
9 162
9 174
9 11
9 160
9 190
9 102
9 150
9 19
9 127
9 59
9 45
9 36
9 171
9 169
9 135
10 183
10 35
10 45
10 138
10 17
10 154
10 30
10 26
10 107
10 36
10 54
10 198
10 96
10 100
10 102
10 134
10 115
10 33
10 68
10 105
10 19
10 125
10 199
10 68
10 160
10 93
10 173
10 149
10 30
10 90
10 185
10 182
10 19
10 62
10 69
10 195
10 154
10 70
10 113
10 6
10 96
10 150
10 134
10 129
11 91
11 39
11 176
11 123
11 140
11 85
11 159
11 170
11 40
11 108
11 50
11 34
11 127
11 106
11 19
11 106
11 190
11 199
11 9
11 81
11 137
11 124
11 39
11 8
11 176
11 25
11 41
11 34
11 121
11 87
11 129
11 172
11 167
11 68
11 14
11 95
11 88
11 2
11 141
11 29
11 139
12 166
12 116
12 134
12 79
12 65
12 8
12 119
12 25
12 58
12 47
12 195
12 180
12 192
12 64
12 95
12 97
12 132
12 71
12 136
12 40
12 87
12 182
12 138
12 10
12 14
12 117
12 154
12 42
12 41
12 41
12 73
12 148
13 133
13 148
13 146
13 108
13 101
13 52
13 49
13 198
13 25
13 53
13 161
13 177
13 107
13 168
13 169
13 94
13 180
13 17
13 5
13 31
13 127
13 192
13 59
13 166
13 120
13 112
13 135
13 15
13 99
13 106
13 32
13 132
13 8
13 143
13 19
13 33
13 98
13 166
14 147
14 47
14 151
14 32
14 190
14 52
14 139
14 140
14 135
14 186
14 39
14 41
14 79
14 2
14 54
14 169
14 162
14 49
14 152
14 25
14 145
14 7
14 21
14 116
14 125
14 161
14 78
14 130
14 90
14 131
14 5
14 176
14 149
14 173
14 96
14 9
14 186
14 75
14 190
14 132
14 52
14 27
14 43
14 76
14 187
14 112
14 146
14 106
15 198
15 192
15 130
15 183
15 170
15 188
15 127
15 107
15 159
15 33
15 32
15 123
15 57
15 186
15 134
15 115
15 119
15 21
15 197
15 48
15 82
15 177
15 43
15 110
15 157
15 150
15 23
15 118
15 50
15 146
15 130
15 88
15 26
15 159
15 137
15 157
15 137
15 138
15 189
15 154
15 65
15 40
15 113
15 130
16 199
16 192
16 92
16 61
16 163
16 112
16 187
16 125
16 28
16 108
16 65
16 163
16 125
16 58
16 188
16 155
16 26
16 141
16 40
16 57
16 36
16 97
16 152
16 159
16 27
16 134
16 55
16 197
16 90
16 183
16 130
16 15
16 53
16 96
16 170
16 29
16 178
16 121
16 168
16 49
16 25
16 54
16 156
16 51
16 187
16 171
16 60
16 152
16 110
17 59
17 135
17 33
17 31
17 143
17 152
17 87
17 32
17 83
17 128
17 115
17 44
17 47
17 112
17 4
17 134
17 5
17 183
17 107
17 56
17 10
17 28
17 33
17 9
17 95
17 150
17 7
17 100
17 16
17 50
17 85
17 179
17 110
17 59
17 173
17 157
17 78
18 52
18 24
18 165
18 115
18 88
18 60
18 184
18 111
18 14
18 45
18 109
18 28
18 161
18 50
18 140
18 7
18 110
18 117
18 187
18 116
18 69
18 192
18 161
18 69
18 99
18 27
18 95
18 129
18 59
18 88
18 81
18 35
18 105
18 183
18 125
18 14
18 71
18 28
18 161
18 125
18 78
18 16
19 17
19 182
19 80
19 116
19 128
19 37
19 134
19 35
19 23
19 173
19 197
19 72
19 53
19 153
19 77
19 48
19 1
19 42
19 9
19 18
19 54
19 141
19 103
19 1
19 110
19 94
19 91
19 10
19 119
19 40
19 185
19 148
19 137
19 58
19 162
19 24
19 6
19 166
19 142
19 75
19 103
20 147
20 193
20 60
20 77
20 97
20 148
20 153
20 131
20 94
20 199
20 15
20 86
20 66
20 94
20 37
20 11
20 130
20 72
20 191
20 79
20 181
20 118
20 159
20 16
20 190
20 178
20 147
20 126
20 37
20 179
20 75
20 185
20 35
20 139
20 41
20 31
21 141
21 198
21 105
21 173
21 41
21 25
21 74
21 50
21 6
21 136
21 41
21 194
21 37
21 76
21 81
21 61
21 44
21 37
21 53
21 46
21 37
21 80
21 181
21 99
21 15
21 100
21 70
21 52
21 158
21 27
21 40
21 28
21 46
21 116
21 69
21 3
22 64
22 63
22 138
22 140
22 97
22 24
22 44
22 41
22 131
22 62
22 116
22 158
22 184
22 30
22 197
22 58
22 165
22 150
22 82
22 149
22 121
22 141
22 5
22 54
22 180
22 193
22 51
22 100
22 12
22 55
22 32
22 142
22 160
22 72
22 114
22 178
22 138
22 165
22 14
22 124
22 10
22 75
22 182
23 123
23 176
23 111
23 196
23 32
23 131
23 126
23 29
23 97
23 102
23 140
23 159
23 70
23 106
23 61
23 163
23 135
23 8
23 15
23 0
23 31
23 58
23 4
23 155
23 20
23 80
23 22
23 11
23 142
23 39
23 124
23 58
23 33
23 75
23 125
23 18
24 103
24 125
24 140
24 31
24 100
24 48
24 110
24 27
24 169
24 86
24 153
24 117
24 79
24 150
24 77
24 45
24 158
24 180
24 70
24 189
24 14
24 170
24 13
24 2
24 112
24 63
24 105
24 106
24 9
24 122
24 110
24 164
24 3
24 57
24 111
24 179
25 23
25 64
25 61
25 62
25 122
25 61
25 136
25 129
25 170
25 142
25 87
25 4
25 29
25 58
25 56
25 98
25 105
25 150
25 56
25 119
25 1
25 196
25 183
25 11
25 183
25 101
25 105
25 95
25 168
25 96
25 185
25 154
25 77
26 189
26 67
26 55
26 166
26 69
26 128
26 155
26 38
26 151
26 193
26 27
26 194
26 194
26 89
26 147
26 188
26 100
26 164
26 170
26 16
26 37
26 17
26 178
26 118
26 147
26 8
26 100
26 82
26 55
26 20
26 175
26 95
26 167
26 193
26 170
26 10
26 191
26 50
26 8
26 46
26 141
26 21
26 174
26 120
26 176
27 47
27 61
27 116
27 130
27 95
27 0
27 139
27 150
27 38
27 167
27 73
27 199
27 87
27 20
27 77
27 36
27 133
27 6
27 64
27 62
27 64
27 34
27 106
27 157
27 25
27 120
27 81
27 58
27 117
27 62
27 119
27 38
27 31
27 159
27 155
27 129
27 45
27 100
27 114
27 191
27 178
27 192
27 126
27 115
28 134
28 23
28 185
28 112
28 87
28 13
28 105
28 134
28 83
28 67
28 152
28 192
28 38
28 168
28 1
28 58
28 25
28 165
28 117
28 78
28 74
28 127
28 92
28 156
28 196
28 68
28 87
28 83
28 46
28 55
28 136
28 23
28 80
28 37
28 71
28 129
28 64
28 107
28 156
29 108
29 74
29 61
29 121
29 130
29 124
29 193
29 26
29 162
29 85
29 120
29 111
29 55
29 185
29 88
29 110
29 120
29 89
29 41
29 155
29 143
29 169
29 130
29 50
29 171
29 8
29 198
29 82
29 85
29 4
29 180
29 170
29 72
29 166
29 120
29 54
29 9
29 175
29 140
29 116
29 132
29 106
29 23
29 191
29 105
29 174
30 112
30 179
30 48
30 174
30 48
30 3
30 66
30 156
30 179
30 71
30 135
30 24
30 121
30 87
30 62
30 104
30 165
30 43
30 181
30 90
30 112
30 83
30 199
30 77
30 186
30 44
30 3
30 106
30 52
30 142
30 52
30 137
30 72
30 117
30 34
30 7
30 184
30 196
30 152
30 22
31 159
31 35
31 121
31 2
31 94
31 190
31 100
31 77
31 39
31 70
31 159
31 50
31 24
31 54
31 96
31 195
31 59
31 195
31 53
31 24
31 87
31 86
31 56
31 189
31 61
31 110
31 108
31 101
31 196
31 28
31 186
31 46
31 57
31 102
31 67
31 160
31 137
31 181
31 121
31 178
31 21
31 29
31 186
31 25
31 84
31 173
31 172
31 28
31 9
32 123
32 52
32 40
32 85
32 8
32 90
32 46
32 69
32 10
32 59
32 103
32 130
32 108
32 3
32 83
32 70
32 165
32 128
32 158
32 26
32 90
32 22
32 131
32 194
32 58
32 99
32 165
32 174
32 72
32 85
32 154
32 142
32 133
32 66
32 45
32 198
32 164
32 26
32 25
32 76
32 184
33 193
33 130
33 6
33 38
33 129
33 31
33 58
33 154
33 192
33 100
33 128
33 119
33 78
33 62
33 122
33 24
33 79
33 51
33 30
33 5
33 52
33 22
33 2
33 119
33 100
33 169
33 134
33 153
33 157
33 101
33 195
33 5
33 148
33 158
33 139
33 141
33 72
33 151
34 58
34 196
34 55
34 186
34 94
34 40
34 198
34 74
34 117
34 146
34 184
34 12
34 95
34 106
34 59
34 194
34 3
34 46
34 199
34 156
34 169
34 27
34 179
34 16
34 69
34 5
34 151
34 57
34 122
34 36
34 66
34 31
34 31
34 26
34 48
34 7
34 193
34 29
34 23
34 81
34 165
34 65
34 137
34 83
34 14
35 89
35 133
35 41
35 110
35 83
35 194
35 183
35 14
35 58
35 22
35 29
35 118
35 65
35 130
35 81
35 46
35 68
35 60
35 10
35 79
35 42
35 102
35 98
35 104
35 158
35 89
35 91
35 90
35 167
35 159
35 18
35 195
35 199
35 56
35 84
36 175
36 185
36 101
36 141
36 125
36 156
36 127
36 125
36 28
36 67
36 71
36 1
36 180
36 185
36 159
36 39
36 98
36 18
36 78
36 136
36 153
36 136
36 24
36 132
36 178
36 151
36 57
36 153
36 0
36 19
36 131
36 188
36 113
37 133
37 167
37 156
37 69
37 126
37 172
37 71
37 98
37 185
37 33
37 93
37 94
37 67
37 120
37 7
37 83
37 59
37 136
37 190
37 1
37 98
37 4
37 35
37 43
37 54
37 157
37 116
37 2
37 118
37 2
37 4
37 140
37 9
37 171
37 164
37 136
37 192
37 58
37 121
37 39
37 36
37 6
37 178
37 39
37 99
37 89
37 104
38 90
38 12
38 160
38 18
38 184
38 47
38 61
38 65
38 149
38 120
38 90
38 190
38 84
38 156
38 116
38 66
38 53
38 139
38 170
38 135
38 4
38 157
38 134
38 170
38 13
38 71
38 22
38 106
38 168
38 3
38 194
38 39
38 40
38 125
38 28
38 21
38 98
38 140
38 29
38 0
38 181
38 124
39 28
39 124
39 189
39 36
39 42
39 129
39 162
39 71
39 95
39 146
39 51
39 19
39 75
39 162
39 129
39 29
39 113
39 90
39 16
39 114
39 188
39 111
39 177
39 153
39 138
39 36
39 43
39 31
39 157
39 64
39 60
39 137
39 168
39 198
39 123
39 107
39 40
39 163
39 72
39 8
39 3
39 112
39 117
39 37
39 14
39 147
39 190
39 24
40 126
40 101
40 22
40 107
40 139
40 126
40 176
40 121
40 179
40 193
40 107
40 62
40 158
40 105
40 18
40 156
40 68
40 129
40 7
40 14
40 73
40 1
40 116
40 97
40 170
40 151
40 123
40 43
40 119
40 180
40 86
40 99
40 178
41 99
41 111
41 176
41 173
41 165
41 99
41 129
41 154
41 10
41 106
41 99
41 112
41 30
41 115
41 169
41 35
41 40
41 173
41 6
41 75
41 27
41 36
41 157
41 45
41 14
41 129
41 12
41 24
41 85
41 38
41 19
41 170
41 119
42 114
42 59
42 62
42 2
42 2
42 14
42 54
42 139
42 172
42 28
42 25
42 78
42 9
42 77
42 155
42 66
42 120
42 82
42 70
42 121
42 119
42 68
42 161
42 48
42 73
42 105
42 54
42 97
42 115
42 148
42 12
42 45
43 119
43 73
43 171
43 194
43 55
43 178
43 175
43 193
43 88
43 28
43 160
43 175
43 67
43 183
43 20
43 113
43 198
43 137
43 53
43 174
43 1
43 190
43 79
43 14
43 175
43 14
43 109
43 81
43 186
43 110
43 30
43 33
43 69
43 50
43 86
43 145
43 137
43 111
43 96
43 100
43 67
43 36
43 32
43 176
43 36
43 76
44 102
44 32
44 119
44 24
44 124
44 166
44 104
44 31
44 64
44 190
44 4
44 52
44 0
44 178
44 39
44 67
44 63
44 88
44 149
44 165
44 11
44 38
44 153
44 140
44 168
44 4
44 138
44 47
44 130
44 185
44 54
44 179
44 62
44 78
44 119
44 20
44 62
44 101
44 32
44 170
44 38
44 34
44 144
44 4
44 168
45 185
45 93
45 156
45 124
45 135
45 156
45 100
45 73
45 181
45 69
45 134
45 92
45 190
45 153
45 99
45 50
45 148
45 93
45 61
45 13
45 119
45 136
45 67
45 161
45 155
45 138
45 68
45 31
45 14
45 97
45 14
45 146
45 4
45 15
45 0
45 91
45 88
45 122
45 100
45 133
45 65
45 30
45 61
45 3
45 148
45 178
46 76
46 77
46 10
46 195
46 198
46 91
46 93
46 175
46 130
46 80
46 57
46 100
46 94
46 99
46 168
46 144
46 117
46 16
46 191
46 27
46 114
46 87
46 173
46 35
46 53
46 106
46 66
46 119
46 165
46 122
46 68
46 88
46 157
46 166
46 182
46 95
46 112
46 170
46 61
46 158
46 9
46 81
46 122
46 8
46 22
46 100
46 119
46 62
47 13
47 116
47 142
47 43
47 171
47 124
47 107
47 27
47 39
47 126
47 7
47 166
47 185
47 54
47 174
47 4
47 124
47 176
47 61
47 89
47 152
47 18
47 103
47 28
47 11
47 125
47 133
47 95
47 176
47 122
47 141
47 88
47 104
47 193
47 148
47 74
47 108
47 185
47 124
47 192
47 120
47 166
47 164
48 6
48 33
48 137
48 115
48 183
48 116
48 145
48 2
48 159
48 136
48 117
48 74
48 102
48 63
48 13
48 72
48 125
48 33
48 154
48 69
48 136
48 167
48 12
48 80
48 65
48 89
48 161
48 49
48 68
48 182
48 105
48 123
48 189
48 110
48 40
48 3
48 161
48 30
48 27
48 133
48 143
48 27
48 118
48 2
48 72
48 81
49 182
49 104
49 26
49 66
49 9
49 62
49 59
49 84
49 7
49 142
49 0
49 115
49 42
49 26
49 167
49 22
49 47
49 84
49 138
49 85
49 17
49 100
49 139
49 179
49 65
49 29
49 155
49 76
49 155
49 140
49 59
49 183
49 146
49 8
49 168
49 44
49 104
49 20
49 167
49 24
49 193
49 60
49 43
49 84
49 149
49 92
50 145
50 98
50 89
50 26
50 159
50 117
50 1
50 159
50 26
50 194
50 31
50 29
50 58
50 6
50 9
50 67
50 117
50 161
50 189
50 60
50 106
50 181
50 78
50 46
50 191
50 67
50 114
50 129
50 136
50 99
50 25
50 6
50 38
50 112
50 139
51 105
51 98
51 122
51 158
51 11
51 127
51 177
51 97
51 8
51 183
51 43
51 119
51 38
51 180
51 191
51 110
51 165
51 155
51 131
51 72
51 158
51 96
51 91
51 57
51 108
51 44
51 33
51 169
51 121
51 133
51 59
51 185
51 120
51 50
51 104
51 82
51 1
51 86
51 109
51 175
51 195
51 105
51 7
51 41
51 188
52 71
52 5
52 15
52 38
52 30
52 38
52 48
52 54
52 150
52 92
52 100
52 164
52 53
52 135
52 23
52 113
52 99
52 113
52 11
52 12
52 120
52 124
52 50
52 84
52 72
52 100
52 88
52 43
52 59
52 44
52 164
52 178
52 151
52 107
52 159
52 39
52 127
52 34
52 168
52 125
52 35
53 169
53 23
53 68
53 116
53 95
53 12
53 155
53 165
53 170
53 168
53 29
53 29
53 119
53 115
53 154
53 22
53 95
53 11
53 151
53 13
53 12
53 68
53 99
53 20
53 35
53 42
53 59
53 185
53 17
53 119
53 16
53 152
53 62
53 36
53 49
53 149
53 29
53 146
53 143
53 44
53 189
53 126
54 175
54 184
54 60
54 38
54 130
54 27
54 142
54 30
54 192
54 117
54 142
54 26
54 76
54 84
54 150
54 22
54 34
54 90
54 76
54 52
54 151
54 80
54 113
54 28
54 176
54 43
54 168
54 184
54 113
54 100
54 62
54 27
54 140
54 85
54 196
54 137
54 189
54 24
54 40
54 123
54 44
54 197
54 38
54 12
54 109
54 69
54 149
55 128
55 97
55 130
55 48
55 177
55 161
55 131
55 190
55 93
55 27
55 43
55 120
55 91
55 143
55 155
55 142
55 132
55 49
55 41
55 13
55 105
55 176
55 58
55 0
55 81
55 67
55 59
55 188
55 144
55 161
55 140
55 127
55 27
55 9
56 162
56 32
56 191
56 144
56 0
56 130
56 159
56 84
56 192
56 0
56 194
56 72
56 13
56 123
56 72
56 182
56 137
56 74
56 0
56 98
56 89
56 73
56 78
56 64
56 166
56 42
56 23
56 52
56 89
56 127
56 179
56 73
56 147
56 103
56 136
57 131
57 148
57 81
57 177
57 26
57 40
57 146
57 133
57 60
57 116
57 26
57 8
57 172
57 60
57 77
57 48
57 22
57 164
57 130
57 161
57 97
57 13
57 192
57 82
57 99
57 125
57 54
57 172
57 6
57 145
57 133
57 192
57 42
57 137
57 130
57 131
57 126
57 4
57 35
57 101
57 19
57 33
57 192
57 151
57 123
57 151
57 96
57 172
58 96
58 130
58 92
58 175
58 122
58 46
58 71
58 192
58 73
58 185
58 145
58 41
58 43
58 138
58 148
58 7
58 53
58 169
58 59
58 152
58 182
58 156
58 88
58 60
58 26
58 192
58 167
58 106
58 20
58 51
58 181
58 132
58 169
58 129
58 62
58 137
58 107
58 70
59 20
59 47
59 24
59 173
59 119
59 32
59 84
59 100
59 134
59 133
59 165
59 181
59 113
59 56
59 7
59 93
59 180
59 112
59 8
59 126
59 128
59 75
59 131
59 190
59 48
59 98
59 90
59 21
59 43
59 77
59 7
59 49
60 63
60 83
60 152
60 139
60 126
60 13
60 173
60 119
60 142
60 94
60 62
60 183
60 79
60 43
60 164
60 42
60 7
60 83
60 24
60 135
60 195
60 194
60 44
60 36
60 191
60 63
60 182
60 139
60 65
60 54
60 79
60 137
60 36
60 24
60 189
60 48
60 186
60 172
60 48
60 56
60 141
60 51
60 137
60 84
60 21
60 101
61 119
61 35
61 149
61 85
61 127
61 143
61 146
61 59
61 75
61 137
61 20
61 44
61 171
61 105
61 151
61 42
61 140
61 76
61 194
61 46
61 193
61 162
61 23
61 57
61 62
61 116
61 82
61 141
61 145
61 38
61 179
61 25
61 19
61 37
61 196
61 11
61 90
61 10
62 172
62 99
62 111
62 7
62 54
62 139
62 167
62 104
62 143
62 66
62 82
62 51
62 59
62 194
62 190
62 75
62 147
62 79
62 160
62 58
62 10
62 50
62 108
62 39
62 115
62 67
62 140
62 126
62 128
62 78
62 167
62 83
62 86
62 192
62 109
63 66
63 157
63 30
63 94
63 1
63 173
63 188
63 33
63 185
63 125
63 52
63 68
63 191
63 189
63 58
63 101
63 59
63 34
63 43
63 73
63 167
63 109
63 58
63 167
63 111
63 143
63 14
63 112
63 8
63 184
63 149
63 52
63 27
63 33
63 136
63 172
63 112
63 182
63 142
63 168
63 97
63 13
63 54
64 117
64 60
64 86
64 20
64 138
64 28
64 137
64 45
64 116
64 77
64 7
64 156
64 132
64 17
64 132
64 102
64 53
64 184
64 150
64 26
64 139
64 136
64 165
64 20
64 47
64 21
64 93
64 20
64 175
64 98
64 66
64 56
64 29
65 159
65 112
65 48
65 133
65 169
65 45
65 170
65 198
65 153
65 115
65 68
65 2
65 5
65 7
65 75
65 4
65 72
65 20
65 105
65 44
65 58
65 0
65 38
65 171
65 55
65 32
65 3
65 161
65 41
65 9
65 151
65 132
65 122
65 162
65 176
65 142
65 195
65 141
65 95
65 70
65 93
65 145
66 100
66 117
66 149
66 81
66 51
66 33
66 152
66 184
66 111
66 7
66 20
66 194
66 51
66 34
66 0
66 198
66 154
66 17
66 29
66 50
66 132
66 92
66 26
66 91
66 142
66 32
66 191
66 28
66 98
66 31
66 161
66 15
66 77
66 73
66 63
66 93
66 130
66 87
66 131
67 53
67 90
67 191
67 194
67 104
67 170
67 44
67 70
67 187
67 46
67 31
67 157
67 30
67 15
67 51
67 122
67 90
67 177
67 156
67 127
67 146
67 129
67 131
67 79
67 91
67 94
67 63
67 178
67 87
67 32
67 52
67 197
67 159
67 127
67 73
67 139
67 120
67 168
67 58
67 129
67 161
68 52
68 147
68 120
68 25
68 199
68 19
68 14
68 125
68 65
68 83
68 25
68 36
68 144
68 26
68 170
68 86
68 135
68 62
68 64
68 137
68 192
68 76
68 131
68 123
68 121
68 103
68 89
68 63
68 128
68 161
68 161
68 69
68 79
68 79
68 60
68 5
68 88
68 124
68 96
68 19
69 28
69 164
69 165
69 59
69 81
69 90
69 157
69 5
69 126
69 63
69 10
69 129
69 98
69 136
69 60
69 55
69 11
69 195
69 92
69 21
69 151
69 99
69 186
69 120
69 153
69 73
69 127
69 155
69 97
69 32
69 187
69 85
69 165
69 157
69 153
69 92
69 162
70 2
70 140
70 51
70 168
70 48
70 186
70 86
70 55
70 66
70 18
70 42
70 81
70 194
70 41
70 109
70 158
70 34
70 105
70 54
70 118
70 138
70 96
70 57
70 20
70 87
70 17
70 42
70 135
70 48
70 56
70 20
70 158
70 8
70 122
70 109
71 119
71 31
71 142
71 180
71 173
71 45
71 136
71 95
71 110
71 86
71 65
71 48
71 96
71 164
71 164
71 3
71 8
71 162
71 163
71 5
71 119
71 112
71 109
71 145
71 134
71 89
71 166
71 129
71 122
71 155
71 9
71 126
71 89
71 156
71 78
71 181
71 61
71 9
71 152
71 53
72 95
72 184
72 127
72 45
72 123
72 130
72 13
72 195
72 54
72 185
72 178
72 181
72 5
72 173
72 152
72 173
72 4
72 148
72 58
72 83
72 136
72 103
72 39
72 13
72 118
72 140
72 90
72 14
72 93
72 51
72 38
72 30
73 16
73 171
73 186
73 109
73 130
73 106
73 11
73 186
73 47
73 106
73 95
73 199
73 169
73 38
73 63
73 191
73 199
73 173
73 51
73 174
73 31
73 22
73 80
73 199
73 51
73 125
73 116
73 64
73 144
73 53
73 40
73 166
73 188
73 21
73 135
73 174
73 53
73 81
73 129
73 67
74 28
74 120
74 29
74 124
74 103
74 169
74 145
74 53
74 104
74 19
74 3
74 5
74 137
74 191
74 193
74 18
74 178
74 53
74 79
74 54
74 5
74 49
74 123
74 153
74 67
74 168
74 111
74 4
74 137
74 86
74 58
74 148
74 58
74 119
74 156
75 199
75 179
75 41
75 108
75 108
75 40
75 57
75 7
75 55
75 175
75 93
75 187
75 135
75 160
75 196
75 139
75 150
75 197
75 35
75 112
75 148
75 25
75 112
75 170
75 44
75 3
75 46
75 22
75 191
75 160
75 66
75 5
75 182
75 123
75 178
75 183
75 90
75 48
75 198
75 42
75 104
75 57
75 137
75 125
75 27
75 160
76 106
76 121
76 15
76 90
76 184
76 64
76 186
76 198
76 126
76 95
76 24
76 91
76 10
76 74
76 119
76 55
76 146
76 199
76 13
76 118
76 138
76 47
76 128
76 31
76 179
76 7
76 150
76 95
76 194
76 6
76 173
76 95
76 192
76 30
77 103
77 65
77 89
77 127
77 110
77 32
77 160
77 72
77 59
77 7
77 179
77 104
77 98
77 172
77 114
77 84
77 127
77 11
77 129
77 149
77 35
77 39
77 51
77 125
77 110
77 96
77 37
77 132
77 187
77 107
77 0
77 90
77 127
77 177
77 75
77 62
77 181
77 122
77 185
78 95
78 181
78 144
78 76
78 124
78 192
78 50
78 86
78 86
78 47
78 86
78 32
78 159
78 25
78 31
78 47
78 75
78 76
78 105
78 43
78 111
78 12
78 92
78 135
78 39
78 180
78 53
78 156
78 23
78 115
78 96
78 178
78 20
78 119
78 150
78 166
78 5
78 186
78 2
78 139
78 29
78 106
78 97
78 66
78 96
78 92
78 101
78 166
79 22
79 2
79 135
79 122
79 150
79 76
79 45
79 69
79 104
79 57
79 46
79 171
79 193
79 161
79 166
79 69
79 131
79 49
79 130
79 60
79 8
79 140
79 123
79 141
79 151
79 190
79 65
79 124
79 47
79 96
79 5
79 170
79 158
79 146
79 182
79 22
79 155
79 39
79 44
79 15
79 102
80 96
80 14
80 153
80 3
80 85
80 112
80 183
80 82
80 7
80 185
80 83
80 20
80 82
80 187
80 77
80 62
80 144
80 162
80 54
80 155
80 16
80 30
80 2
80 138
80 71
80 42
80 111
80 165
80 193
80 190
80 3
80 14
80 74
80 197
81 23
81 43
81 38
81 61
81 30
81 178
81 160
81 55
81 30
81 199
81 196
81 6
81 184
81 169
81 46
81 125
81 85
81 102
81 89
81 189
81 42
81 115
81 26
81 59
81 137
81 92
81 106
81 16
81 135
81 28
81 2
81 157
81 15
81 170
81 79
81 123
81 53
81 144
81 74
81 193
81 158
81 192
81 131
81 124
82 166
82 85
82 80
82 91
82 60
82 145
82 34
82 152
82 124
82 43
82 176
82 13
82 161
82 55
82 81
82 103
82 34
82 53
82 153
82 87
82 163
82 100
82 99
82 120
82 180
82 55
82 70
82 51
82 8
82 167
82 98
82 119
82 63
83 120
83 12
83 127
83 177
83 145
83 108
83 13
83 158
83 40
83 43
83 109
83 63
83 75
83 180
83 112
83 37
83 136
83 73
83 75
83 180
83 154
83 3
83 69
83 173
83 18
83 196
83 2
83 41
83 25
83 27
83 152
83 167
83 25
83 129
83 17
83 190
83 36
83 25
83 100
83 11
83 184
83 1
83 32
83 108
84 1
84 97
84 56
84 32
84 130
84 33
84 8
84 175
84 62
84 153
84 128
84 37
84 103
84 40
84 114
84 125
84 65
84 163
84 172
84 188
84 184
84 15
84 94
84 58
84 153
84 117
84 46
84 36
84 180
84 23
84 36
84 149
84 107
84 91
84 33
84 154
84 11
84 140
84 137
84 29
84 11
84 56
84 184
84 69
84 120
84 5
85 165
85 68
85 93
85 120
85 170
85 69
85 57
85 191
85 124
85 40
85 9
85 149
85 101
85 54
85 54
85 72
85 93
85 94
85 121
85 156
85 1
85 123
85 47
85 96
85 76
85 16
85 141
85 99
85 90
85 169
85 54
85 27
85 122
85 3
85 182
85 179
85 78
85 57
85 75
85 188
86 40
86 44
86 112
86 180
86 98
86 178
86 119
86 149
86 92
86 14
86 118
86 50
86 5
86 39
86 18
86 198
86 72
86 77
86 98
86 143
86 162
86 184
86 145
86 145
86 54
86 26
86 92
86 42
86 123
86 14
86 183
86 124
86 25
87 46
87 80
87 65
87 96
87 173
87 185
87 80
87 100
87 54
87 168
87 56
87 22
87 81
87 3
87 106
87 145
87 36
87 156
87 109
87 124
87 14
87 121
87 112
87 81
87 121
87 32
87 31
87 191
87 30
87 94
87 47
87 34
87 193
87 91
87 96
87 198
87 158
87 189
88 162
88 79
88 150
88 74
88 58
88 103
88 90
88 30
88 52
88 113
88 58
88 107
88 35
88 6
88 52
88 107
88 142
88 92
88 25
88 143
88 79
88 35
88 17
88 182
88 143
88 114
88 105
88 39
88 60
88 157
88 67
88 41
88 46
88 72
88 137
89 68
89 184
89 167
89 163
89 121
89 92
89 60
89 123
89 98
89 69
89 164
89 42
89 170
89 164
89 151
89 178
89 142
89 195
89 65
89 187
89 163
89 151
89 47
89 135
89 2
89 170
89 155
89 97
89 134
89 41
89 102
89 134
89 20
89 108
89 142
89 104
89 44
89 168
89 123
89 193
89 160
89 59
89 1
89 44
89 58
89 85
90 156
90 182
90 120
90 113
90 182
90 166
90 28
90 196
90 157
90 104
90 21
90 196
90 167
90 56
90 74
90 101
90 59
90 192
90 43
90 75
90 44
90 64
90 155
90 95
90 20
90 31
90 83
90 114
90 192
90 128
90 19
90 79
90 89
90 131
90 93
90 177
90 38
90 163
90 123
90 22
90 151
90 30
90 61
90 131
90 84
90 17
90 21
90 121
91 105
91 75
91 18
91 38
91 68
91 66
91 102
91 116
91 25
91 54
91 113
91 190
91 142
91 150
91 73
91 2
91 158
91 121
91 51
91 190
91 54
91 7
91 187
91 75
91 22
91 101
91 30
91 106
91 99
91 26
91 86
91 85
91 139
92 102
92 170
92 26
92 126
92 170
92 182
92 117
92 186
92 27
92 84
92 134
92 87
92 184
92 132
92 66
92 181
92 13
92 62
92 116
92 84
92 42
92 28
92 42
92 193
92 99
92 37
92 154
92 128
92 57
92 173
92 64
92 106
92 31
92 97
92 180
92 43
92 91
92 151
92 78
92 3
92 17
92 9
92 169
92 46
92 3
92 168
92 158
92 19
92 47
93 21
93 39
93 134
93 72
93 62
93 26
93 120
93 76
93 109
93 26
93 97
93 17
93 75
93 57
93 154
93 196
93 43
93 24
93 196
93 68
93 79
93 188
93 146
93 191
93 120
93 41
93 31
93 13
93 32
93 16
93 62
93 98
93 51
93 158
93 126
93 152
93 90
93 190
94 133
94 75
94 153
94 56
94 66
94 1
94 22
94 92
94 50
94 95
94 24
94 197
94 9
94 183
94 56
94 0
94 32
94 66
94 153
94 2
94 96
94 27
94 127
94 44
94 168
94 196
94 157
94 43
94 117
94 31
94 134
94 32
94 140
94 110
94 171
94 78
94 11
95 1
95 69
95 169
95 38
95 27
95 5
95 26
95 87
95 127
95 153
95 43
95 46
95 5
95 91
95 54
95 46
95 101
95 126
95 188
95 41
95 81
95 122
95 140
95 164
95 46
95 114
95 124
95 172
95 186
95 121
95 184
95 50
95 57
95 147
95 61
95 145
95 177
95 126
95 159
95 18
95 19
95 28
95 78
95 14
95 173
95 145
96 39
96 183
96 12
96 139
96 56
96 77
96 18
96 61
96 116
96 41
96 67
96 187
96 93
96 180
96 173
96 32
96 150
96 125
96 66
96 153
96 154
96 150
96 156
96 178
96 40
96 6
96 75
96 179
96 6
96 126
96 129
96 3
96 177
96 120
96 191
96 139
96 90
96 36
96 59
96 22
96 70
96 6
96 86
96 124
97 57
97 86
97 133
97 167
97 90
97 131
97 36
97 100
97 148
97 186
97 184
97 129
97 33
97 166
97 126
97 58
97 32
97 108
97 82
97 108
97 60
97 27
97 101
97 25
97 184
97 191
97 153
97 37
97 182
97 19
97 63
97 144
98 107
98 77
98 95
98 38
98 178
98 91
98 194
98 106
98 1
98 5
98 131
98 99
98 7
98 67
98 185
98 24
98 69
98 46
98 185
98 5
98 85
98 141
98 69
98 145
98 159
98 103
98 112
98 20
98 13
98 4
98 19
98 198
98 43
98 156
98 76
99 67
99 13
99 191
99 138
99 42
99 127
99 89
99 2
99 187
99 157
99 120
99 68
99 149
99 198
99 60
99 87
99 122
99 152
99 116
99 166
99 68
99 83
99 61
99 16
99 123
99 61
99 171
99 180
99 96
99 154
99 139
99 157
99 101
99 28
99 56
99 45
99 27
99 42
99 7
99 72
99 145
99 84
99 25
99 56
99 81
99 176
99 23
99 134
99 16
99 199
100 29
100 140
100 198
100 41
100 167
100 85
100 133
100 164
100 180
100 167
100 96
100 57
100 101
100 9
100 176
100 163
100 78
100 126
100 170
100 56
100 27
100 76
100 109
100 123
100 56
100 21
100 145
100 197
100 137
100 15
100 55
100 193
100 33
100 193
100 50
100 161
100 71
100 179
100 126
101 148
101 156
101 42
101 132
101 175
101 76
101 66
101 129
101 174
101 199
101 135
101 169
101 28
101 177
101 46
101 168
101 121
101 6
101 189
101 102
101 155
101 64
101 161
101 172
101 64
101 16
101 164
101 77
101 157
101 169
101 163
101 135
101 159
101 199
101 97
101 75
102 5
102 148
102 61
102 2
102 134
102 117
102 151
102 154
102 153
102 194
102 197
102 62
102 181
102 160
102 161
102 28
102 55
102 7
102 194
102 131
102 189
102 63
102 79
102 59
102 175
102 146
102 48
102 93
102 100
102 111
102 175
102 52
102 131
102 138
102 53
102 184
102 58
102 22
102 170
103 16
103 84
103 54
103 127
103 146
103 36
103 175
103 28
103 132
103 159
103 165
103 195
103 169
103 19
103 90
103 150
103 178
103 132
103 83
103 124
103 37
103 118
103 23
103 158
103 52
103 106
103 129
103 122
103 126
103 154
103 152
103 81
104 138
104 66
104 74
104 118
104 73
104 36
104 19
104 138
104 112
104 99
104 73
104 69
104 154
104 130
104 20
104 132
104 22
104 145
104 123
104 85
104 128
104 74
104 6
104 93
104 13
104 80
104 67
104 196
104 62
104 82
104 86
104 44
104 182
104 11
104 114
104 44
104 176
104 72
104 16
104 151
104 98
104 114
104 143
104 148
104 93
104 124
104 138
105 112
105 16
105 53
105 73
105 157
105 36
105 39
105 74
105 130
105 58
105 78
105 63
105 130
105 179
105 193
105 72
105 25
105 97
105 104
105 112
105 138
105 7
105 159
105 75
105 113
105 120
105 4
105 112
105 140
105 186
105 6
105 128
105 128
105 93
105 98
105 43
105 130
105 101
105 23
105 102
105 109
105 26
105 172
105 49
105 5
105 65
105 96
105 15
105 17
105 134
106 125
106 193
106 40
106 48
106 188
106 80
106 115
106 115
106 55
106 123
106 140
106 39
106 27
106 14
106 180
106 129
106 197
106 145
106 41
106 182
106 175
106 62
106 62
106 198
106 22
106 49
106 126
106 82
106 171
106 179
106 127
106 8
106 72
106 145
106 89
107 181
107 52
107 154
107 134
107 92
107 40
107 194
107 167
107 140
107 81
107 74
107 29
107 10
107 190
107 137
107 138
107 32
107 64
107 100
107 199
107 44
107 0
107 137
107 72
107 25
107 139
107 186
107 149
107 80
107 26
107 179
107 173
107 61
107 111
107 139
107 161
107 180
107 185
107 134
107 98
107 33
107 1
107 101
107 116
107 100
107 182
108 178
108 92
108 11
108 35
108 150
108 141
108 39
108 10
108 187
108 140
108 142
108 107
108 22
108 29
108 142
108 124
108 26
108 186
108 72
108 72
108 158
108 186
108 172
108 130
108 77
108 130
108 2
108 4
108 152
108 162
108 147
108 72
108 193
108 154
108 147
108 50
108 132
108 24
108 63
108 73
109 140
109 176
109 196
109 147
109 29
109 108
109 15
109 102
109 7
109 97
109 42
109 116
109 175
109 130
109 110
109 134
109 154
109 129
109 89
109 91
109 93
109 79
109 4
109 161
109 78
109 178
109 92
109 115
109 0
109 181
109 155
109 34
109 46
109 64
109 151
109 160
109 2
109 49
109 119
110 88
110 7
110 55
110 107
110 86
110 2
110 14
110 74
110 31
110 112
110 192
110 59
110 185
110 48
110 17
110 149
110 50
110 188
110 156
110 2
110 20
110 178
110 111
110 1
110 55
110 85
110 80
110 69
110 135
110 100
110 112
110 178
110 54
110 124
110 74
110 48
110 95
111 187
111 79
111 169
111 142
111 140
111 31
111 72
111 153
111 110
111 181
111 33
111 153
111 40
111 0
111 127
111 107
111 164
111 104
111 9
111 177
111 146
111 120
111 67
111 18
111 2
111 179
111 61
111 141
111 79
111 44
111 102
111 22
111 193
111 28
111 198
111 181
112 84
112 161
112 123
112 113
112 198
112 154
112 65
112 3
112 138
112 180
112 84
112 9
112 62
112 165
112 134
112 103
112 56
112 77
112 108
112 82
112 151
112 167
112 98
112 113
112 47
112 76
112 35
112 168
112 101
112 110
112 110
112 40
112 20
112 170
112 163
112 137
112 22
112 118
112 147
113 0
113 3
113 139
113 28
113 138
113 25
113 103
113 54
113 69
113 63
113 81
113 54
113 98
113 7
113 173
113 46
113 184
113 196
113 107
113 26
113 96
113 70
113 48
113 124
113 5
113 87
113 123
113 115
113 80
113 8
113 94
113 84
113 172
113 88
113 50
113 106
113 56
113 128
113 81
113 65
113 168
113 24
113 93
113 70
113 120
114 155
114 180
114 33
114 123
114 80
114 120
114 11
114 151
114 178
114 1
114 29
114 70
114 69
114 66
114 46
114 45
114 77
114 100
114 84
114 82
114 44
114 112
114 141
114 9
114 117
114 41
114 146
114 117
114 40
114 62
114 66
114 83
114 16
114 144
114 188
114 77
115 28
115 165
115 82
115 123
115 90
115 111
115 169
115 29
115 154
115 100
115 134
115 111
115 90
115 165
115 113
115 182
115 39
115 88
115 162
115 110
115 10
115 177
115 66
115 73
115 134
115 126
115 196
115 50
115 6
115 132
115 111
115 50
115 189
115 19
115 150
115 157
115 187
116 105
116 83
116 16
116 132
116 117
116 92
116 99
116 122
116 188
116 90
116 10
116 123
116 104
116 187
116 172
116 141
116 57
116 156
116 95
116 178
116 72
116 197
116 107
116 148
116 107
116 3
116 30
116 17
116 115
116 50
116 108
116 131
116 140
116 194
117 96
117 51
117 175
117 36
117 196
117 6
117 56
117 141
117 48
117 45
117 89
117 56
117 194
117 60
117 6
117 115
117 63
117 74
117 41
117 192
117 110
117 130
117 167
117 42
117 168
117 22
117 101
117 97
117 149
117 96
117 109
117 145
117 105
117 125
118 136
118 1
118 25
118 115
118 1
118 103
118 22
118 119
118 66
118 113
118 92
118 79
118 120
118 78
118 40
118 183
118 82
118 125
118 80
118 17
118 30
118 8
118 1
118 152
118 64
118 96
118 37
118 33
118 185
118 191
118 137
118 83
118 137
118 116
118 168
118 197
118 11
118 67
118 53
118 141
118 101
118 137
118 87
118 72
119 147
119 128
119 88
119 4
119 158
119 63
119 52
119 13
119 173
119 159
119 138
119 42
119 195
119 197
119 13
119 1
119 20
119 35
119 88
119 174
119 132
119 22
119 135
119 62
119 98
119 188
119 64
119 155
119 91
119 125
119 132
119 123
120 11
120 61
120 135
120 102
120 3
120 137
120 167
120 67
120 17
120 155
120 178
120 102
120 108
120 3
120 166
120 133
120 1
120 116
120 44
120 25
120 62
120 141
120 188
120 114
120 2
120 130
120 29
120 73
120 10
120 126
120 3
120 20
120 181
120 194
120 85
121 88
121 27
121 141
121 23
121 136
121 164
121 40
121 94
121 58
121 9
121 126
121 40
121 60
121 140
121 150
121 122
121 139
121 94
121 195
121 10
121 142
121 159
121 168
121 75
121 135
121 0
121 120
121 28
121 9
121 104
121 38
121 188
121 49
121 72
121 169
121 69
121 98
121 87
121 61
121 58
121 146
121 114
121 199
121 96
121 189
121 34
121 116
121 159
122 54
122 96
122 179
122 25
122 151
122 111
122 142
122 40
122 32
122 116
122 153
122 74
122 185
122 73
122 2
122 54
122 25
122 16
122 118
122 51
122 106
122 62
122 147
122 120
122 153
122 116
122 126
122 13
122 20
122 53
122 97
122 51
122 148
122 170
122 175
122 174
122 46
122 166
122 54
122 66
122 70
122 119
122 116
122 179
122 146
122 151
122 163
122 116
123 140
123 31
123 28
123 108
123 3
123 159
123 36
123 134
123 108
123 103
123 196
123 56
123 121
123 0
123 165
123 148
123 85
123 34
123 30
123 134
123 173
123 115
123 120
123 62
123 186
123 119
123 182
123 33
123 88
123 152
123 74
123 146
123 181
123 86
123 79
123 120
124 183
124 76
124 51
124 134
124 22
124 129
124 33
124 80
124 151
124 2
124 87
124 129
124 49
124 68
124 186
124 100
124 187
124 74
124 0
124 14
124 66
124 83
124 119
124 150
124 58
124 34
124 21
124 26
124 106
124 31
124 103
124 97
124 29
124 122
124 168
124 84
124 28
124 12
124 188
124 133
124 66
124 93
124 87
124 93
124 104
124 62
124 142
124 53
124 65
125 114
125 67
125 5
125 97
125 47
125 90
125 20
125 97
125 195
125 138
125 121
125 175
125 127
125 56
125 17
125 84
125 67
125 168
125 96
125 87
125 108
125 42
125 176
125 74
125 149
125 89
125 142
125 142
125 57
125 112
125 2
125 149
125 109
125 74
125 191
125 126
125 177
125 7
126 173
126 67
126 132
126 78
126 16
126 193
126 30
126 56
126 45
126 152
126 115
126 81
126 174
126 160
126 10
126 22
126 50
126 33
126 15
126 143
126 52
126 145
126 35
126 127
126 197
126 66
126 43
126 100
126 0
126 89
126 83
126 18
127 175
127 112
127 48
127 120
127 137
127 180
127 22
127 6
127 174
127 16
127 84
127 47
127 79
127 36
127 72
127 31
127 5
127 177
127 196
127 50
127 107
127 162
127 39
127 11
127 151
127 32
127 122
127 1
127 129
127 36
127 167
127 100
127 32
127 142
127 46
127 10
127 19
127 34
127 48
127 31
128 199
128 26
128 4
128 27
128 16
128 62
128 124
128 161
128 47
128 114
128 169
128 53
128 62
128 192
128 138
128 100
128 78
128 62
128 121
128 162
128 52
128 75
128 152
128 33
128 182
128 111
128 39
128 172
128 183
128 136
128 9
128 121
128 73
128 32
128 197
128 76
128 73
128 6
128 131
128 193
128 61
128 26
128 21
128 173
128 138
128 110
129 52
129 15
129 177
129 37
129 189
129 93
129 192
129 165
129 69
129 41
129 147
129 143
129 111
129 174
129 66
129 4
129 108
129 32
129 125
129 171
129 198
129 78
129 114
129 179
129 94
129 163
129 182
129 118
129 139
129 6
129 84
129 53
129 17
129 84
129 169
129 11
129 93
129 92
129 137
129 159
129 82
129 74
130 31
130 100
130 135
130 45
130 2
130 1
130 46
130 33
130 112
130 106
130 137
130 117
130 117
130 198
130 14
130 166
130 18
130 119
130 147
130 155
130 73
130 49
130 108
130 11
130 77
130 177
130 129
130 139
130 107
130 96
130 178
130 138
130 65
130 14
130 32
130 39
130 48
130 87
131 64
131 94
131 135
131 112
131 159
131 106
131 171
131 11
131 95
131 19
131 125
131 30
131 93
131 125
131 66
131 96
131 7
131 199
131 70
131 74
131 64
131 50
131 68
131 147
131 92
131 85
131 10
131 156
131 89
131 49
131 64
131 31
131 40
131 142
131 0
131 9
131 103
131 69
131 113
131 161
131 1
131 165
131 126
131 124
131 92
131 64
131 6
132 93
132 25
132 120
132 141
132 54
132 140
132 84
132 101
132 6
132 96
132 41
132 197
132 161
132 119
132 71
132 42
132 61
132 32
132 151
132 22
132 156
132 30
132 61
132 20
132 102
132 166
132 37
132 89
132 194
132 11
132 149
132 80
132 22
132 166
132 139
132 44
132 190
132 127
132 193
133 18
133 26
133 96
133 34
133 7
133 77
133 123
133 88
133 170
133 76
133 94
133 92
133 83
133 194
133 154
133 156
133 174
133 152
133 61
133 146
133 55
133 5
133 29
133 18
133 180
133 56
133 182
133 84
133 40
133 23
133 120
133 28
133 49
133 166
133 32
133 145
133 33
133 120
133 8
133 47
133 75
133 26
133 130
133 184
133 179
133 72
133 55
133 156
133 15
134 49
134 122
134 167
134 92
134 114
134 112
134 49
134 56
134 103
134 58
134 146
134 60
134 3
134 160
134 54
134 77
134 183
134 108
134 176
134 18
134 125
134 127
134 183
134 21
134 51
134 62
134 116
134 30
134 38
134 193
134 71
134 31
134 142
134 65
134 81
134 58
134 92
134 111
134 106
134 62
134 123
134 33
134 182
134 61
134 21
134 156
134 100
135 136
135 104
135 97
135 36
135 103
135 49
135 148
135 111
135 36
135 181
135 23
135 162
135 3
135 90
135 41
135 63
135 115
135 11
135 58
135 53
135 126
135 101
135 26
135 80
135 118
135 8
135 47
135 151
135 128
135 63
135 154
135 68
135 185
135 152
135 166
135 199
135 168
135 143
135 118
135 172
135 37
135 99
135 30
135 108
135 89
135 26
135 94
135 140
135 15
136 92
136 3
136 104
136 186
136 49
136 191
136 121
136 79
136 45
136 190
136 197
136 176
136 44
136 106
136 23
136 116
136 27
136 14
136 51
136 52
136 17
136 28
136 65
136 186
136 190
136 173
136 168
136 181
136 68
136 97
136 153
136 153
136 82
136 189
136 183
136 199
136 177
137 161
137 195
137 15
137 87
137 18
137 92
137 163
137 163
137 21
137 110
137 95
137 37
137 49
137 87
137 33
137 153
137 30
137 126
137 95
137 30
137 69
137 140
137 19
137 141
137 125
137 34
137 88
137 197
137 6
137 93
137 189
137 97
137 50
137 89
137 144
137 173
137 129
137 113
137 156
137 103
137 168
137 122
138 158
138 85
138 30
138 160
138 147
138 67
138 101
138 54
138 83
138 135
138 153
138 17
138 173
138 197
138 105
138 90
138 42
138 81
138 100
138 61
138 98
138 82
138 127
138 63
138 13
138 193
138 183
138 186
138 38
138 79
138 131
138 115
138 53
138 94
138 145
138 176
138 167
138 124
138 158
138 95
138 81
138 155
138 25
139 51
139 79
139 190
139 0
139 143
139 64
139 161
139 184
139 163
139 85
139 6
139 48
139 153
139 124
139 17
139 170
139 64
139 72
139 142
139 107
139 76
139 132
139 95
139 147
139 47
139 24
139 1
139 24
139 67
139 187
139 116
139 49
139 59
139 131
139 107
139 33
139 124
139 46
140 55
140 96
140 193
140 74
140 128
140 155
140 129
140 22
140 55
140 137
140 168
140 113
140 130
140 62
140 39
140 98
140 158
140 136
140 84
140 83
140 1
140 40
140 41
140 71
140 120
140 195
140 183
140 12
140 38
140 162
140 112
140 195
140 27
140 110
140 191
140 151
140 135
140 8
141 95
141 20
141 82
141 154
141 67
141 69
141 68
141 133
141 50
141 192
141 171
141 197
141 47
141 69
141 15
141 135
141 69
141 35
141 83
141 140
141 106
141 82
141 103
141 16
141 25
141 152
141 99
141 90
141 13
141 21
141 25
141 180
141 147
141 180
141 108
141 139
141 19
141 16
141 18
141 79
141 187
141 42
141 77
141 77
141 45
141 36
141 137
141 136
142 165
142 111
142 138
142 10
142 107
142 20
142 32
142 61
142 165
142 153
142 6
142 103
142 155
142 98
142 54
142 95
142 75
142 148
142 95
142 128
142 153
142 153
142 182
142 185
142 24
142 152
142 152
142 127
142 77
142 199
142 126
142 135
142 133
142 26
142 69
142 179
142 171
142 104
142 188
143 37
143 8
143 58
143 199
143 76
143 23
143 61
143 115
143 119
143 114
143 29
143 129
143 194
143 103
143 23
143 51
143 14
143 148
143 50
143 141
143 79
143 39
143 1
143 123
143 108
143 43
143 198
143 18
143 116
143 156
143 153
143 42
143 33
143 44
143 8
143 111
144 105
144 60
144 53
144 183
144 99
144 155
144 122
144 39
144 23
144 97
144 168
144 10
144 12
144 125
144 75
144 39
144 83
144 163
144 43
144 8
144 171
144 168
144 2
144 19
144 78
144 193
144 111
144 101
144 12
144 71
144 152
144 55
144 16
144 116
144 125
144 1
144 154
144 193
144 99
144 66
144 131
144 91
144 43
144 183
144 153
144 119
144 24
144 118
144 189
145 122
145 56
145 21
145 105
145 154
145 64
145 0
145 58
145 157
145 86
145 84
145 190
145 134
145 10
145 187
145 168
145 71
145 142
145 19
145 115
145 36
145 36
145 183
145 138
145 153
145 179
145 138
145 53
145 157
145 45
145 20
145 84
145 174
145 125
145 20
145 114
145 56
145 28
146 22
146 182
146 169
146 34
146 145
146 64
146 121
146 93
146 114
146 118
146 110
146 130
146 181
146 14
146 55
146 91
146 66
146 88
146 99
146 194
146 37
146 110
146 45
146 181
146 79
146 71
146 160
146 165
146 196
146 44
146 13
146 153
146 180
146 154
146 163
146 99
146 154
146 90
146 198
146 172
146 145
146 127
146 45
146 73
146 168
146 25
146 188
146 40
146 113
146 20
147 180
147 54
147 36
147 118
147 136
147 159
147 108
147 109
147 154
147 42
147 38
147 44
147 178
147 175
147 142
147 156
147 89
147 0
147 19
147 9
147 108
147 193
147 5
147 120
147 84
147 165
147 79
147 54
147 0
147 54
147 112
147 191
147 14
147 188
147 140
147 113
147 144
147 37
147 31
147 89
147 158
147 154
147 144
147 86
147 99
147 7
147 148
148 187
148 181
148 63
148 62
148 27
148 106
148 50
148 188
148 92
148 60
148 111
148 177
148 179
148 179
148 129
148 164
148 146
148 176
148 45
148 98
148 74
148 16
148 98
148 166
148 176
148 52
148 49
148 86
148 127
148 147
148 99
148 51
148 66
148 61
148 115
148 49
148 39
148 156
148 198
148 166
148 170
148 100
148 71
148 72
148 140
148 96
148 169
148 50
148 38
148 29
149 110
149 157
149 82
149 42
149 188
149 153
149 186
149 190
149 101
149 124
149 124
149 193
149 42
149 15
149 76
149 106
149 16
149 60
149 109
149 168
149 125
149 45
149 119
149 65
149 164
149 78
149 6
149 116
149 52
149 1
149 11
149 166
149 65
149 117
149 26
149 114
149 141
149 25
149 52
149 36
150 168
150 101
150 141
150 23
150 57
150 58
150 51
150 47
150 21
150 198
150 94
150 68
150 76
150 105
150 142
150 20
150 128
150 126
150 106
150 131
150 23
150 174
150 171
150 3
150 117
150 115
150 101
150 87
150 20
150 168
150 135
150 106
150 192
150 60
150 102
150 134
150 45
150 162
150 53
150 147
150 74
150 140
151 64
151 182
151 6
151 98
151 29
151 68
151 53
151 50
151 32
151 22
151 104
151 165
151 154
151 180
151 61
151 64
151 196
151 12
151 98
151 197
151 108
151 114
151 99
151 153
151 30
151 122
151 139
151 40
151 3
151 3
151 9
151 68
151 185
151 160
151 90
152 136
152 45
152 98
152 32
152 137
152 21
152 127
152 99
152 181
152 36
152 42
152 46
152 163
152 34
152 40
152 182
152 4
152 84
152 32
152 88
152 195
152 199
152 88
152 91
152 84
152 179
152 136
152 97
152 176
152 96
152 145
152 30
152 35
152 156
152 198
152 137
152 110
152 47
152 89
152 190
152 9
152 176
152 25
152 24
152 91
152 128
152 45
152 116
152 71
152 192
153 138
153 2
153 114
153 96
153 174
153 162
153 182
153 113
153 10
153 46
153 63
153 10
153 63
153 127
153 24
153 89
153 18
153 51
153 191
153 22
153 105
153 151
153 117
153 125
153 2
153 119
153 29
153 146
153 82
153 199
153 71
153 136
153 182
153 173
153 131
153 171
153 9
153 91
153 145
153 146
153 12
153 19
154 119
154 8
154 160
154 113
154 46
154 51
154 23
154 174
154 118
154 163
154 49
154 81
154 41
154 151
154 138
154 88
154 143
154 109
154 170
154 172
154 24
154 162
154 13
154 184
154 46
154 161
154 174
154 102
154 96
154 12
154 171
154 30
154 57
154 110
154 189
154 77
154 9
154 49
154 3
154 181
154 55
154 134
154 58
154 175
154 136
154 46
154 100
154 89
154 93
154 149
155 110
155 97
155 10
155 137
155 72
155 137
155 192
155 189
155 121
155 56
155 191
155 176
155 40
155 82
155 71
155 108
155 196
155 18
155 23
155 142
155 44
155 70
155 89
155 84
155 132
155 180
155 112
155 193
155 59
155 4
155 180
155 101
155 69
155 198
155 11
155 76
155 160
155 124
155 169
155 22
155 111
155 142
155 32
155 19
155 24
155 96
155 128
156 94
156 27
156 2
156 172
156 95
156 16
156 153
156 75
156 22
156 196
156 16
156 176
156 80
156 147
156 85
156 171
156 151
156 10
156 138
156 17
156 114
156 51
156 134
156 17
156 172
156 14
156 27
156 124
156 75
156 155
156 84
156 108
156 19
156 85
156 174
156 136
156 69
157 110
157 90
157 145
157 55
157 24
157 46
157 11
157 59
157 153
157 62
157 158
157 124
157 177
157 167
157 132
157 152
157 26
157 47
157 58
157 151
157 50
157 187
157 120
157 116
157 181
157 198
157 117
157 135
157 14
157 63
157 181
157 29
157 189
157 63
157 62
158 7
158 198
158 14
158 163
158 75
158 96
158 82
158 30
158 26
158 53
158 151
158 29
158 20
158 138
158 125
158 6
158 190
158 71
158 118
158 104
158 122
158 122
158 131
158 173
158 168
158 48
158 95
158 98
158 25
158 135
158 25
158 30
158 175
158 136
158 183
158 160
159 122
159 175
159 93
159 55
159 4
159 18
159 54
159 51
159 124
159 152
159 194
159 106
159 88
159 164
159 198
159 146
159 39
159 166
159 80
159 37
159 100
159 4
159 137
159 84
159 189
159 190
159 117
159 32
159 64
159 82
159 48
159 74
159 166
159 175
159 171
159 8
159 187
159 122
159 57
159 160
159 62
160 16
160 57
160 120
160 90
160 167
160 154
160 163
160 168
160 78
160 198
160 198
160 135
160 24
160 83
160 106
160 188
160 24
160 16
160 55
160 36
160 85
160 61
160 140
160 40
160 156
160 192
160 10
160 159
160 42
160 186
160 62
160 16
160 101
160 6
160 35
160 170
161 72
161 72
161 64
161 154
161 12
161 195
161 168
161 122
161 88
161 179
161 51
161 14
161 148
161 88
161 53
161 148
161 30
161 19
161 90
161 119
161 41
161 40
161 143
161 54
161 104
161 80
161 75
161 19
161 99
161 71
161 128
161 81
161 151
161 170
161 15
161 98
161 59
161 94
161 48
161 90
161 88
161 165
161 15
161 176
161 88
161 46
161 89
161 191
161 1
161 57
162 179
162 5
162 183
162 125
162 186
162 58
162 166
162 79
162 192
162 90
162 91
162 135
162 134
162 92
162 121
162 35
162 169
162 152
162 185
162 198
162 80
162 61
162 178
162 26
162 6
162 161
162 16
162 153
162 6
162 79
162 199
162 4
162 133
163 150
163 79
163 188
163 191
163 70
163 111
163 41
163 1
163 55
163 15
163 126
163 122
163 54
163 96
163 46
163 106
163 72
163 82
163 20
163 181
163 113
163 31
163 118
163 180
163 90
163 21
163 174
163 74
163 91
163 8
163 166
163 45
163 187
163 50
163 137
163 197
164 149
164 13
164 87
164 80
164 40
164 5
164 92
164 35
164 155
164 90
164 32
164 71
164 155
164 80
164 99
164 96
164 134
164 171
164 147
164 113
164 50
164 56
164 93
164 134
164 41
164 11
164 25
164 27
164 197
164 194
164 9
164 111
165 184
165 80
165 154
165 61
165 174
165 182
165 37
165 123
165 76
165 174
165 92
165 42
165 118
165 188
165 69
165 44
165 125
165 100
165 163
165 37
165 27
165 139
165 44
165 27
165 48
165 71
165 98
165 8
165 113
165 157
165 164
165 95
165 130
165 97
165 119
165 199
165 52
165 178
165 174
165 81
165 83
165 90
165 187
165 61
166 24
166 190
166 177
166 33
166 160
166 64
166 11
166 132
166 103
166 12
166 96
166 54
166 161
166 70
166 47
166 185
166 174
166 144
166 130
166 193
166 85
166 130
166 172
166 182
166 50
166 117
166 31
166 50
166 175
166 105
166 173
166 9
167 61
167 181
167 53
167 15
167 199
167 81
167 33
167 59
167 91
167 41
167 77
167 105
167 27
167 92
167 43
167 129
167 24
167 188
167 90
167 16
167 31
167 67
167 40
167 193
167 90
167 46
167 9
167 59
167 77
167 128
167 90
167 30
167 169
167 161
167 123
167 93
167 141
167 13
167 13
167 154
167 27
167 170
167 60
167 22
167 14
167 59
167 180
167 129
168 68
168 68
168 33
168 72
168 14
168 23
168 66
168 29
168 59
168 10
168 184
168 119
168 91
168 67
168 98
168 11
168 117
168 78
168 84
168 178
168 137
168 87
168 180
168 63
168 110
168 129
168 91
168 22
168 181
168 17
168 132
168 198
168 70
168 72
168 141
168 151
168 178
168 182
168 128
168 58
168 66
168 185
168 167
168 169
168 189
168 40
168 65
168 104
168 30
168 117
169 16
169 95
169 146
169 71
169 55
169 32
169 92
169 85
169 170
169 166
169 99
169 71
169 69
169 121
169 11
169 18
169 37
169 156
169 51
169 100
169 15
169 39
169 164
169 56
169 6
169 73
169 162
169 34
169 2
169 103
169 43
169 154
169 145
169 146
169 94
170 153
170 46
170 117
170 145
170 83
170 78
170 126
170 171
170 15
170 160
170 190
170 117
170 72
170 185
170 74
170 47
170 53
170 178
170 113
170 42
170 144
170 58
170 12
170 20
170 153
170 72
170 156
170 193
170 106
170 105
170 191
170 118
170 129
170 15
170 15
171 115
171 80
171 116
171 124
171 144
171 66
171 0
171 172
171 91
171 75
171 61
171 192
171 10
171 178
171 50
171 193
171 183
171 22
171 15
171 4
171 105
171 127
171 18
171 54
171 116
171 119
171 93
171 122
171 65
171 181
171 14
171 35
171 99
171 9
171 190
171 31
171 184
171 45
171 151
172 196
172 140
172 143
172 120
172 80
172 139
172 61
172 154
172 74
172 62
172 138
172 43
172 156
172 152
172 91
172 20
172 91
172 66
172 197
172 69
172 121
172 187
172 96
172 173
172 41
172 154
172 93
172 33
172 84
172 186
172 20
172 3
172 27
172 158
172 81
173 38
173 34
173 42
173 81
173 133
173 124
173 188
173 151
173 41
173 192
173 33
173 2
173 2
173 42
173 144
173 74
173 196
173 127
173 89
173 152
173 13
173 150
173 197
173 165
173 123
173 91
173 127
173 59
173 123
173 54
173 199
173 102
173 115
173 97
173 139
173 154
173 34
173 180
173 24
173 35
173 153
173 131
173 144
173 97
173 162
173 51
173 88
173 27
173 44
173 89
174 2
174 68
174 36
174 22
174 157
174 145
174 46
174 147
174 110
174 50
174 7
174 49
174 196
174 166
174 8
174 52
174 54
174 198
174 22
174 161
174 66
174 89
174 67
174 140
174 160
174 27
174 45
174 116
174 116
174 144
174 51
174 78
174 107
174 0
174 162
174 1
174 179
174 172
175 124
175 12
175 40
175 158
175 81
175 164
175 124
175 171
175 110
175 46
175 67
175 70
175 146
175 131
175 171
175 189
175 153
175 27
175 54
175 47
175 70
175 8
175 15
175 47
175 27
175 42
175 105
175 192
175 18
175 102
175 78
175 184
175 77
175 128
175 166
175 135
176 152
176 186
176 20
176 1
176 189
176 83
176 9
176 130
176 149
176 20
176 138
176 93
176 63
176 186
176 147
176 52
176 108
176 55
176 88
176 55
176 114
176 21
176 45
176 78
176 81
176 56
176 45
176 151
176 150
176 92
176 64
176 88
176 111
176 41
176 48
177 17
177 62
177 150
177 11
177 69
177 131
177 179
177 137
177 0
177 175
177 196
177 26
177 61
177 105
177 167
177 139
177 6
177 190
177 198
177 190
177 27
177 56
177 195
177 199
177 153
177 76
177 178
177 71
177 86
177 79
177 142
177 15
177 0
177 133
177 7
177 101
177 185
177 69
177 8
177 188
177 154
177 85
177 68
177 102
177 158
177 160
178 114
178 121
178 122
178 129
178 15
178 145
178 147
178 126
178 196
178 190
178 111
178 101
178 105
178 173
178 25
178 13
178 196
178 140
178 144
178 173
178 16
178 54
178 107
178 170
178 7
178 88
178 101
178 154
178 136
178 19
178 77
178 50
178 53
178 20
178 130
178 107
178 127
178 30
179 128
179 33
179 68
179 58
179 168
179 50
179 61
179 138
179 136
179 154
179 57
179 66
179 100
179 152
179 29
179 89
179 166
179 96
179 105
179 192
179 190
179 103
179 10
179 116
179 41
179 7
179 107
179 5
179 28
179 161
179 14
179 98
180 150
180 19
180 193
180 132
180 123
180 50
180 174
180 104
180 151
180 131
180 22
180 132
180 68
180 123
180 116
180 14
180 23
180 18
180 12
180 41
180 134
180 56
180 167
180 138
180 42
180 141
180 190
180 15
180 105
180 191
180 36
180 14
180 26
180 14
180 19
180 186
180 104
180 97
180 34
180 12
180 113
180 107
180 192
180 87
181 142
181 152
181 156
181 29
181 144
181 135
181 45
181 45
181 14
181 35
181 0
181 194
181 189
181 121
181 87
181 0
181 7
181 25
181 146
181 172
181 2
181 77
181 196
181 44
181 108
181 76
181 62
181 92
181 38
181 185
181 68
181 56
181 99
181 102
181 65
181 168
181 119
181 34
181 184
181 7
181 135
182 108
182 115
182 168
182 85
182 96
182 180
182 13
182 56
182 118
182 47
182 74
182 10
182 79
182 166
182 33
182 173
182 34
182 133
182 197
182 28
182 56
182 7
182 158
182 50
182 63
182 84
182 3
182 44
182 108
182 196
182 102
182 128
183 179
183 75
183 180
183 68
183 75
183 26
183 155
183 20
183 118
183 199
183 146
183 162
183 47
183 6
183 88
183 14
183 94
183 47
183 194
183 31
183 101
183 124
183 170
183 125
183 39
183 109
183 186
183 139
183 14
183 192
183 111
183 112
183 35
183 196
183 99
183 100
183 149
183 185
183 162
183 129
183 65
183 81
183 17
183 107
183 149
183 118
184 103
184 104
184 31
184 50
184 191
184 54
184 143
184 43
184 50
184 19
184 72
184 77
184 52
184 27
184 192
184 45
184 97
184 95
184 41
184 196
184 97
184 100
184 171
184 98
184 50
184 144
184 53
184 96
184 38
184 21
184 134
184 165
184 141
184 1
185 87
185 5
185 28
185 24
185 45
185 103
185 94
185 188
185 35
185 199
185 62
185 54
185 21
185 58
185 134
185 30
185 83
185 90
185 66
185 133
185 78
185 13
185 5
185 74
185 136
185 134
185 57
185 65
185 20
185 65
185 83
185 130
185 42
185 15
185 12
185 104
185 164
185 5
185 161
185 89
185 53
185 45
186 106
186 67
186 43
186 74
186 86
186 124
186 167
186 136
186 72
186 45
186 73
186 162
186 123
186 147
186 85
186 179
186 41
186 80
186 34
186 29
186 134
186 17
186 135
186 93
186 99
186 48
186 51
186 121
186 136
186 73
186 194
186 77
186 46
186 37
186 16
186 46
186 37
186 189
186 58
186 31
186 72
186 153
186 42
186 192
186 5
186 23
186 196
186 166
186 148
187 135
187 197
187 53
187 175
187 163
187 34
187 81
187 134
187 18
187 1
187 41
187 45
187 129
187 196
187 32
187 116
187 135
187 35
187 46
187 169
187 52
187 179
187 158
187 70
187 182
187 38
187 39
187 198
187 71
187 147
187 92
187 51
187 131
188 165
188 56
188 173
188 183
188 51
188 25
188 133
188 45
188 56
188 178
188 27
188 80
188 53
188 156
188 173
188 54
188 89
188 137
188 94
188 6
188 152
188 81
188 126
188 45
188 5
188 56
188 83
188 76
188 104
188 175
188 111
188 47
189 119
189 70
189 28
189 178
189 19
189 198
189 19
189 140
189 51
189 22
189 144
189 21
189 44
189 89
189 187
189 183
189 83
189 83
189 27
189 122
189 198
189 95
189 23
189 91
189 149
189 194
189 22
189 15
189 79
189 60
189 198
189 41
189 99
189 83
189 81
189 173
189 6
189 162
189 8
190 56
190 124
190 40
190 53
190 14
190 16
190 199
190 197
190 35
190 93
190 115
190 24
190 198
190 176
190 16
190 169
190 181
190 172
190 26
190 145
190 75
190 138
190 83
190 167
190 198
190 196
190 125
190 67
190 194
190 88
190 101
190 43
190 100
190 59
190 29
191 118
191 35
191 118
191 164
191 104
191 118
191 83
191 148
191 51
191 169
191 83
191 34
191 165
191 34
191 142
191 23
191 194
191 116
191 59
191 172
191 179
191 131
191 189
191 10
191 120
191 198
191 166
191 184
191 82
191 197
191 89
191 120
191 181
191 160
191 181
191 6
191 120
191 62
192 71
192 45
192 122
192 160
192 193
192 4
192 8
192 7
192 20
192 88
192 14
192 193
192 34
192 14
192 73
192 29
192 36
192 128
192 27
192 56
192 39
192 190
192 30
192 198
192 149
192 28
192 177
192 16
192 152
192 176
192 68
192 191
192 136
192 129
192 73
192 196
192 57
192 195
192 159
192 137
192 39
193 126
193 95
193 126
193 35
193 59
193 189
193 158
193 8
193 80
193 130
193 182
193 120
193 177
193 129
193 45
193 174
193 159
193 199
193 68
193 175
193 87
193 126
193 149
193 89
193 155
193 191
193 151
193 145
193 87
193 47
193 23
193 128
193 78
193 162
193 112
193 12
193 180
194 43
194 8
194 81
194 173
194 83
194 14
194 9
194 6
194 187
194 181
194 54
194 155
194 14
194 164
194 124
194 99
194 28
194 172
194 182
194 116
194 98
194 160
194 142
194 15
194 32
194 169
194 184
194 20
194 199
194 157
194 180
194 50
194 95
194 173
194 158
194 54
194 147
194 111
194 112
194 68
195 14
195 31
195 107
195 36
195 130
195 184
195 152
195 109
195 19
195 71
195 117
195 73
195 70
195 90
195 66
195 16
195 164
195 6
195 162
195 41
195 2
195 8
195 155
195 91
195 9
195 34
195 20
195 181
195 108
195 107
195 121
195 26
195 27
195 151
195 196
195 134
195 13
195 86
195 46
195 7
195 137
195 32
195 85
195 36
195 149
195 187
195 27
195 103
195 124
196 66
196 87
196 109
196 70
196 6
196 98
196 144
196 115
196 181
196 18
196 73
196 194
196 71
196 127
196 93
196 140
196 166
196 5
196 104
196 169
196 185
196 184
196 6
196 92
196 24
196 132
196 176
196 40
196 28
196 177
196 108
196 179
196 134
196 117
196 13
196 105
196 107
196 163
196 153
196 98
196 90
196 175
196 168
196 146
196 43
196 10
196 107
197 125
197 86
197 67
197 184
197 13
197 196
197 146
197 38
197 42
197 199
197 177
197 30
197 168
197 101
197 140
197 118
197 6
197 156
197 119
197 82
197 33
197 29
197 167
197 147
197 168
197 35
197 18
197 135
197 83
197 47
197 9
197 7
198 63
198 177
198 67
198 22
198 10
198 175
198 129
198 128
198 61
198 72
198 5
198 13
198 191
198 134
198 175
198 103
198 19
198 182
198 11
198 83
198 117
198 172
198 155
198 22
198 107
198 172
198 169
198 128
198 85
198 160
198 140
198 160
199 58
199 13
199 98
199 89
199 115
199 149
199 26
199 93
199 113
199 128
199 183
199 193
199 114
199 85
199 125
199 176
199 4
199 138
199 134
199 162
199 129
199 166
199 7
199 154
199 168
199 82
199 185
199 90
199 16
199 34
199 73
199 151
199 3
199 179
199 159
199 150
